  -9.2621974e-02
  -9.4934974e-02
  -9.2634528e-02
  -8.7646395e-02
  -8.2035383e-02
  -7.7673266e-02
  -7.5902508e-02
  -7.7273965e-02
  -8.1445762e-02
  -8.7295116e-02
  -9.3228171e-02
  -9.7612572e-02
  -9.9229286e-02
  -9.7635655e-02
  -9.3334062e-02
  -8.7661203e-02
  -8.2382257e-02
  -7.9093115e-02
  -7.8644203e-02
  -8.0820688e-02
  -8.4416051e-02
  -8.7670009e-02
  -8.8896644e-02
  -8.7067882e-02
  -8.2152805e-02
  -7.5114054e-02
  -6.7580843e-02
  -6.1315600e-02
  -5.7649303e-02
  -5.7067966e-02
  -5.9079640e-02
  -6.2390032e-02
  -6.5309537e-02
  -6.6253851e-02
  -6.4197022e-02
  -5.8964586e-02
  -5.1291108e-02
  -4.2616263e-02
  -3.4668503e-02
  -2.8964879e-02
  -2.6391458e-02
  -2.6994179e-02
  -3.0027612e-02
  -3.4226512e-02
  -3.8211663e-02
  -4.0915256e-02
  -4.1902197e-02
  -4.1477948e-02
  -4.0527848e-02
  -4.0129629e-02
  -4.1085768e-02
  -4.3574903e-02
  -4.7080378e-02
  -5.0634865e-02
  -5.3281878e-02
  -5.4556112e-02
  -5.4761895e-02
  -5.4900710e-02
  -5.6251288e-02
  -5.9775844e-02
  -6.5623926e-02
  -7.2972711e-02
  -8.0291991e-02
  -8.5928164e-02
  -8.8758123e-02
  -8.8634479e-02
  -8.6433584e-02
  -8.3683554e-02
  -8.1924741e-02
  -8.2069764e-02
  -8.4030860e-02
  -8.6763683e-02
  -8.8695198e-02
  -8.8347096e-02
  -8.4901932e-02
  -7.8501285e-02
  -7.0182301e-02
  -6.1500476e-02
  -5.4000896e-02
  -4.8744987e-02
  -4.6057115e-02
  -4.5546660e-02
  -4.6343088e-02
  -4.7415561e-02
  -4.7862821e-02
  -4.7124433e-02
  -4.5115289e-02
  -4.2278807e-02
  -3.9514539e-02
  -3.7932149e-02
  -3.8458106e-02
  -4.1437657e-02
  -4.6438055e-02
  -5.2394130e-02
  -5.8059784e-02
  -6.2545383e-02
  -6.5654744e-02
  -6.7837849e-02
  -6.9790637e-02
  -7.1935099e-02
  -7.4083734e-02
  -7.5489633e-02
  -7.5262946e-02
  -7.2920884e-02
  -6.8756346e-02
  -6.3808015e-02
  -5.9432961e-02
  -5.6693902e-02
  -5.5863895e-02
  -5.6287020e-02
  -5.6664421e-02
  -5.5648932e-02
  -5.2499889e-02
  -4.7510552e-02
  -4.1991756e-02
  -3.7775273e-02
  -3.6433584e-02
  -3.8580320e-02
  -4.3599392e-02
  -4.9935697e-02
  -5.5786909e-02
  -5.9840801e-02
  -6.1712737e-02
  -6.1925808e-02
  -6.1513505e-02
  -6.1477290e-02
  -6.2342871e-02
  -6.3969730e-02
  -6.5655685e-02
  -6.6484532e-02
  -6.5788635e-02
  -6.3540695e-02
  -6.0483926e-02
  -5.7898338e-02
  -5.7072408e-02
  -5.8717741e-02
  -6.2617245e-02
  -6.7686651e-02
  -7.2415303e-02
  -7.5462870e-02
  -7.6132302e-02
  -7.4535346e-02
  -7.1437084e-02
  -6.7897494e-02
  -6.4864264e-02
  -6.2841085e-02
  -6.1714643e-02
  -6.0785342e-02
  -5.8992851e-02
  -5.5261384e-02
  -4.8848311e-02
  -3.9589969e-02
  -2.7983257e-02
  -1.5084987e-02
  -2.2425319e-03
   9.2933072e-03
   1.8771407e-02
   2.6219109e-02
   3.2468695e-02
   3.8883029e-02
   4.6855420e-02
   5.7271037e-02
   7.0153451e-02
   8.4648557e-02
   9.9351533e-02
   1.1283789e-01
   1.2418261e-01
   1.3326202e-01
   1.4072007e-01
   1.4762079e-01
   1.5495715e-01
   1.6326475e-01
   1.7252815e-01
   1.8238746e-01
   1.9247163e-01
   2.0262784e-01
   2.1291342e-01
   2.2338558e-01
   2.3384930e-01
   2.4373589e-01
   2.5219801e-01
   2.5838619e-01
   2.6178653e-01
   2.6247539e-01
   2.6118111e-01
   2.5911341e-01
   2.5760700e-01
   2.5769537e-01
   2.5975324e-01
   2.6331467e-01
   2.6711848e-01
   2.6938788e-01
   2.6831451e-01
   2.6265859e-01
   2.5229174e-01
   2.3845560e-01
   2.2356211e-01
   2.1053293e-01
   2.0188581e-01
   1.9890646e-01
   2.0122748e-01
   2.0698178e-01
   2.1347578e-01
   2.1812632e-01
   2.1930439e-01
   2.1677295e-01
   2.1157945e-01
   2.0549088e-01
   2.0023985e-01
   1.9690701e-01
   1.9567172e-01
   1.9596190e-01
   1.9683121e-01
   1.9730976e-01
   1.9656326e-01
   1.9387847e-01
   1.8862123e-01
   1.8029416e-01
   1.6869554e-01
   1.5406865e-01
   1.3711918e-01
   1.1885897e-01
   1.0033685e-01
   8.2373302e-02
   6.5400437e-02
   4.9442430e-02
   3.4199094e-02
   1.9161221e-02
   3.7100762e-03
  -1.2788550e-02
  -3.0849776e-02
  -5.0678234e-02
  -7.1979301e-02
  -9.3883604e-02
  -1.1506787e-01
  -1.3406533e-01
  -1.4967343e-01
  -1.6133244e-01
  -1.6935930e-01
  -1.7494572e-01
  -1.7986810e-01
  -1.8593510e-01
  -1.9431973e-01
  -2.0503260e-01
  -2.1680432e-01
  -2.2750775e-01
  -2.3500551e-01
  -2.3808003e-01
  -2.3702553e-01
  -2.3360954e-01
  -2.3038856e-01
  -2.2965516e-01
  -2.3246767e-01
  -2.3819200e-01
  -2.4477251e-01
  -2.4963210e-01
  -2.5081612e-01
  -2.4787753e-01
  -2.4211647e-01
  -2.3608154e-01
  -2.3256274e-01
  -2.3350304e-01
  -2.3925728e-01
  -2.4846439e-01
  -2.5855669e-01
  -2.6669643e-01
  -2.7078063e-01
  -2.7014436e-01
  -2.6572488e-01
  -2.5966239e-01
  -2.5450967e-01
  -2.5233697e-01
  -2.5403399e-01
  -2.5903821e-01
  -2.6557459e-01
  -2.7131255e-01
  -2.7419359e-01
  -2.7312484e-01
  -2.6829814e-01
  -2.6105115e-01
  -2.5336021e-01
  -2.4716938e-01
  -2.4378968e-01
  -2.4356109e-01
  -2.4587272e-01
  -2.4949784e-01
  -2.5306019e-01
  -2.5539355e-01
  -2.5564239e-01
  -2.5313841e-01
  -2.4724321e-01
  -2.3735577e-01
  -2.2313418e-01
  -2.0477712e-01
  -1.8310187e-01
  -1.5924146e-01
  -1.3404021e-01
  -1.0748742e-01
  -7.8590109e-02
  -4.5862447e-02
  -8.2303174e-03
   3.4137664e-02
   7.9569014e-02
   1.2541228e-01
   1.6915677e-01
   2.0964901e-01
   2.4787020e-01
   2.8697875e-01
   3.3168549e-01
   3.8730380e-01
   4.5887180e-01
   5.5059056e-01
   6.6557598e-01
   8.0572097e-01
   9.7142080e-01
   1.1610613e+00
   1.3704356e+00
   1.5924833e+00
   1.8177700e+00
   2.0358872e+00
   2.2375070e+00
   2.4163849e+00
   2.5704163e+00
   2.7010963e+00
   2.8113659e+00
   2.9025994e+00
   2.9720075e+00
   3.0117228e+00
   3.0102424e+00
   2.9559502e+00
   2.8415082e+00
   2.6673957e+00
   2.4430920e+00
   2.1853316e+00
   1.9141101e+00
   1.6480399e+00
   1.4007615e+00
   1.1794322e+00
   9.8529200e-01
   8.1553329e-01
   6.6548849e-01
   5.3043597e-01
   4.0677045e-01
   2.9258445e-01
   1.8776775e-01
   9.3669093e-02
   1.2349228e-02
  -5.4444155e-02
  -1.0629069e-01
  -1.4472573e-01
  -1.7319356e-01
  -1.9629089e-01
  -2.1856991e-01
  -2.4335848e-01
  -2.7202099e-01
  -3.0386442e-01
  -3.3663077e-01
  -3.6733933e-01
  -3.9318095e-01
  -4.1218284e-01
  -4.2344241e-01
  -4.2689155e-01
  -4.2277405e-01
  -4.1118241e-01
  -3.9197461e-01
  -3.6515562e-01
  -3.3149683e-01
  -2.9298705e-01
  -2.5278641e-01
  -2.1463559e-01
  -1.8196512e-01
  -1.5707904e-01
  -1.4071591e-01
  -1.3210047e-01
  -1.2940396e-01
  -1.3040452e-01
  -1.3310810e-01
  -1.3614882e-01
  -1.3889491e-01
  -1.4129495e-01
  -1.4357583e-01
  -1.4594099e-01
  -1.4840504e-01
  -1.5082451e-01
  -1.5306263e-01
  -1.5513716e-01
  -1.5722070e-01
  -1.5948559e-01
  -1.6190910e-01
  -1.6418203e-01
  -1.6578400e-01
  -1.6617363e-01
  -1.6497716e-01
  -1.6208072e-01
  -1.5761269e-01
  -1.5187914e-01
  -1.4533257e-01
  -1.3859776e-01
  -1.3248584e-01
  -1.2787849e-01
  -1.2542521e-01
  -1.2515300e-01
  -1.2622428e-01
  -1.2707054e-01
  -1.2594591e-01
  -1.2169357e-01
  -1.1435643e-01
  -1.0529962e-01
  -9.6730700e-02
  -9.0789953e-02
  -8.8593922e-02
  -8.9656226e-02
  -9.1966377e-02
  -9.2736793e-02
  -8.9537621e-02
  -8.1351332e-02
  -6.9087151e-02
  -5.5313741e-02
  -4.3310112e-02
  -3.5838485e-02
  -3.4156830e-02
  -3.7662403e-02
  -4.4266873e-02
  -5.1294147e-02
  -5.6497999e-02
  -5.8787284e-02
  -5.8408478e-02
  -5.6585335e-02
  -5.4840357e-02
  -5.4326260e-02
  -5.5438478e-02
  -5.7802928e-02
  -6.0543689e-02
  -6.2641086e-02
  -6.3224767e-02
  -6.1748068e-02
  -5.8066474e-02
  -5.2449315e-02
  -4.5518512e-02
  -3.8091362e-02
  -3.0939767e-02
  -2.4544449e-02
  -1.8962345e-02
  -1.3893583e-02
  -8.9374108e-03
  -3.9163400e-03
   9.1066065e-04
   4.8871972e-03
   7.2617512e-03
   7.6090092e-03
   6.1440242e-03
   3.7506132e-03
   1.6927031e-03
   1.1373315e-03
   2.7081018e-03
   6.2701422e-03
   1.1034426e-02
   1.5916378e-02
   1.9968221e-02
   2.2686116e-02
   2.4076949e-02
   2.4503105e-02
   2.4428108e-02
   2.4204523e-02
   2.3981914e-02
   2.3729233e-02
   2.3324463e-02
   2.2669351e-02
   2.1798020e-02
   2.0939340e-02
   2.0484504e-02
   2.0838777e-02
   2.2202230e-02
   2.4387583e-02
   2.6796100e-02
   2.8617011e-02
   2.9210886e-02
   2.8524787e-02
   2.7323719e-02
   2.7062809e-02
   2.9378453e-02
   3.5381069e-02
   4.5070268e-02
   5.7169284e-02
   6.9489769e-02
   7.9692491e-02
   8.6133413e-02
   8.8451208e-02
   8.7660465e-02
   8.5717013e-02
   8.4741082e-02
   8.6224860e-02
   9.0542549e-02
   9.6929973e-02
   1.0389061e-01
   1.0981781e-01
   1.1356688e-01
   1.1478013e-01
   1.1391479e-01
   1.1205368e-01
   1.1061380e-01
   1.1101914e-01
   1.1435788e-01
   1.2107035e-01
   1.3078123e-01
   1.4239828e-01
   1.5449517e-01
   1.6583551e-01
   1.7580120e-01
   1.8453553e-01
   1.9276490e-01
   2.0141908e-01
   2.1124139e-01
   2.2254991e-01
   2.3521717e-01
   2.4883095e-01
   2.6292531e-01
   2.7715479e-01
   2.9133273e-01
   3.0534548e-01
   3.1903087e-01
   3.3212165e-01
   3.4429659e-01
   3.5530369e-01
   3.6508275e-01
   3.7383712e-01
   3.8204824e-01
   3.9044118e-01
   3.9988429e-01
   4.1119231e-01
   4.2484496e-01
   4.4071833e-01
   4.5797792e-01
   4.7524019e-01
   4.9098477e-01
   5.0406452e-01
   5.1409733e-01
   5.2157042e-01
   5.2762403e-01
   5.3362757e-01
   5.4073030e-01
   5.4953095e-01
   5.5992368e-01
   5.7111994e-01
   5.8183857e-01
   5.9065381e-01
   5.9644633e-01
   5.9883009e-01
   5.9838894e-01
   5.9659862e-01
   5.9542663e-01
   5.9673444e-01
   6.0168974e-01
   6.1040307e-01
   6.2193370e-01
   6.3468028e-01
   6.4701832e-01
   6.5793421e-01
   6.6739417e-01
   6.7628921e-01
   6.8597456e-01
   6.9760303e-01
   7.1155528e-01
   7.2723057e-01
   7.4328109e-01
   7.5814341e-01
   7.7057861e-01
   7.7996583e-01
   7.8627330e-01
   7.8983092e-01
   7.9111296e-01
   7.9066400e-01
   7.8913703e-01
   7.8729643e-01
   7.8586283e-01
   7.8521990e-01
   7.8514512e-01
   7.8475298e-01
   7.8273211e-01
   7.7780040e-01
   7.6919465e-01
   7.5700031e-01
   7.4219726e-01
   7.2640281e-01
   7.1139218e-01
   6.9854780e-01
   6.8841706e-01
   6.8053150e-01
   6.7355563e-01
   6.6571651e-01
   6.5536435e-01
   6.4147180e-01
   6.2390454e-01
   6.0337664e-01
   5.8111891e-01
   5.5840019e-01
   5.3609969e-01
   5.1449617e-01
   4.9333167e-01
   4.7208269e-01
   4.5029302e-01
   4.2781476e-01
   4.0486073e-01
   3.8186592e-01
   3.5925206e-01
   3.3724016e-01
   3.1582763e-01
   2.9494155e-01
   2.7465651e-01
   2.5530833e-01
   2.3739706e-01
   2.2132294e-01
   2.0713003e-01
   1.9444067e-01
   1.8263587e-01
   1.7116142e-01
   1.5974731e-01
   1.4838794e-01
   1.3710312e-01
   1.2566085e-01
   1.1347681e-01
   9.9790583e-02
   8.4036106e-02
   6.6196001e-02
   4.6937029e-02
   2.7452762e-02
   9.0972002e-03
  -7.0202934e-03
  -2.0325083e-02
  -3.0875592e-02
  -3.9269620e-02
  -4.6409144e-02
  -5.3203707e-02
  -6.0301364e-02
  -6.7916980e-02
  -7.5787666e-02
  -8.3249044e-02
  -8.9410290e-02
  -9.3402037e-02
  -9.4658886e-02
  -9.3171101e-02
  -8.9616544e-02
  -8.5293959e-02
  -8.1836415e-02
  -8.0770115e-02
  -8.3057160e-02
  -8.8784420e-02
  -9.7121881e-02
  -1.0658401e-01
  -1.1551525e-01
  -1.2262866e-01
  -1.2740088e-01
  -1.3018637e-01
  -1.3203098e-01
  -1.3427641e-01
  -1.3810226e-01
  -1.4414140e-01
  -1.5225931e-01
  -1.6154226e-01
  -1.7050427e-01
  -1.7748372e-01
  -1.8114820e-01
  -1.8096527e-01
  -1.7745985e-01
  -1.7211004e-01
  -1.6685704e-01
  -1.6338701e-01
  -1.6248359e-01
  -1.6374874e-01
  -1.6582568e-01
  -1.6701917e-01
  -1.6603419e-01
  -1.6252833e-01
  -1.5727958e-01
  -1.5192828e-01
  -1.4839261e-01
  -1.4815988e-01
  -1.5171151e-01
  -1.5831724e-01
  -1.6630416e-01
  -1.7369918e-01
  -1.7896295e-01
  -1.8149281e-01
  -1.8169902e-01
  -1.8067495e-01
  -1.7965958e-01
  -1.7954569e-01
  -1.8061477e-01
  -1.8254431e-01
  -1.8461622e-01
  -1.8600508e-01
  -1.8604116e-01
  -1.8439000e-01
  -1.8113175e-01
  -1.7674201e-01
  -1.7197754e-01
  -1.6767694e-01
  -1.6451787e-01
  -1.6281402e-01
  -1.6244460e-01
  -1.6295556e-01
  -1.6378110e-01
  -1.6446741e-01
  -1.6478573e-01
  -1.6469153e-01
  -1.6417341e-01
  -1.6309367e-01
  -1.6113122e-01
  -1.5789452e-01
  -1.5318159e-01
  -1.4725530e-01
  -1.4094330e-01
  -1.3542790e-01
  -1.3176224e-01
  -1.3033765e-01
  -1.3060149e-01
  -1.3121943e-01
  -1.3064437e-01
  -1.2783781e-01
  -1.2281017e-01
  -1.1673211e-01
  -1.1155339e-01
  -1.0925978e-01
  -1.1104677e-01
  -1.1675074e-01
  -1.2480884e-01
  -1.3280727e-01
  -1.3840140e-01
  -1.4020060e-01
  -1.3822558e-01
  -1.3376575e-01
  -1.2876225e-01
  -1.2504494e-01
  -1.2375446e-01
  -1.2511179e-01
  -1.2849450e-01
  -1.3267111e-01
  -1.3606578e-01
  -1.3701332e-01
  -1.3403725e-01
  -1.2619216e-01
  -1.1344431e-01
  -9.6955509e-02
  -7.9059930e-02
  -6.2770596e-02
  -5.0849637e-02
  -4.4744789e-02
  -4.3872426e-02
  -4.5669825e-02
  -4.6524206e-02
  -4.3253283e-02
  -3.4500045e-02
  -2.1406222e-02
  -7.2612660e-03
   3.6931262e-03
   7.7541552e-03
   2.9273167e-03
  -1.0613416e-02
  -3.0802304e-02
  -5.4440800e-02
  -7.8092659e-02
  -9.8847297e-02
  -1.1482902e-01
  -1.2544111e-01
  -1.3136673e-01
  -1.3432835e-01
  -1.3660073e-01
  -1.4033200e-01
  -1.4683911e-01
  -1.5612663e-01
  -1.6684383e-01
  -1.7672999e-01
  -1.8338319e-01
  -1.8504773e-01
  -1.8112986e-01
  -1.7229895e-01
  -1.6021579e-01
  -1.4705230e-01
  -1.3498396e-01
  -1.2577264e-01
  -1.2048186e-01
  -1.1932909e-01
  -1.2168507e-01
  -1.2623800e-01
  -1.3131673e-01
  -1.3531450e-01
  -1.3710679e-01
  -1.3634775e-01
  -1.3356114e-01
  -1.2999404e-01
  -1.2725949e-01
  -1.2685165e-01
  -1.2966196e-01
  -1.3563748e-01
  -1.4369594e-01
  -1.5195476e-01
  -1.5824897e-01
  -1.6080878e-01
  -1.5887326e-01
  -1.5299220e-01
  -1.4485946e-01
  -1.3670719e-01
  -1.3048718e-01
  -1.2717010e-01
  -1.2644592e-01
  -1.2693487e-01
  -1.2680677e-01
  -1.2454921e-01
  -1.1957386e-01
  -1.1242156e-01
  -1.0450058e-01
  -9.7500233e-02
  -9.2759266e-02
  -9.0862093e-02
  -9.1596573e-02
  -9.4222989e-02
  -9.7875313e-02
  -1.0189423e-01
  -1.0596210e-01
  -1.1001918e-01
  -1.1403524e-01
  -1.1776629e-01
  -1.2063764e-01
  -1.2185904e-01
  -1.2078389e-01
  -1.1738439e-01
  -1.1258800e-01
  -1.0820406e-01
  -1.0632776e-01
  -1.0839693e-01
  -1.1433723e-01
  -1.2227920e-01
  -1.2909720e-01
  -1.3161589e-01
  -1.2797862e-01
  -1.1856349e-01
  -1.0601412e-01
  -9.4325513e-02
  -8.7323055e-02
  -8.7138339e-02
  -9.3318270e-02
  -1.0297222e-01
  -1.1192954e-01
  -1.1642099e-01
  -1.1454408e-01
  -1.0687700e-01
  -9.6028252e-02
  -8.5416617e-02
  -7.7898069e-02
  -7.4843519e-02
  -7.5975789e-02
  -7.9883350e-02
  -8.4846791e-02
  -8.9556916e-02
  -9.3455684e-02
  -9.6675870e-02
  -9.9748136e-02
  -1.0329251e-01
  -1.0782107e-01
  -1.1364395e-01
  -1.2080522e-01
  -1.2901889e-01
  -1.3766418e-01
  -1.4592138e-01
  -1.5304363e-01
  -1.5863766e-01
  -1.6278799e-01
  -1.6594989e-01
  -1.6868427e-01
  -1.7139390e-01
  -1.7419076e-01
  -1.7692021e-01
  -1.7927342e-01
  -1.8089626e-01
  -1.8145001e-01
  -1.8064800e-01
  -1.7832124e-01
  -1.7453168e-01
  -1.6968573e-01
  -1.6456189e-01
  -1.6018675e-01
  -1.5756136e-01
  -1.5731624e-01
  -1.5942104e-01
  -1.6307573e-01
  -1.6686467e-01
  -1.6917234e-01
  -1.6875134e-01
  -1.6523569e-01
  -1.5936465e-01
  -1.5277377e-01
  -1.4740257e-01
  -1.4476405e-01
  -1.4539995e-01
  -1.4875492e-01
  -1.5349797e-01
  -1.5811501e-01
  -1.6149444e-01
  -1.6326358e-01
  -1.6377265e-01
  -1.6378728e-01
  -1.6406752e-01
  -1.6503959e-01
  -1.6670408e-01
  -1.6879472e-01
  -1.7106556e-01
  -1.7351367e-01
  -1.7638826e-01
  -1.7997272e-01
  -1.8427043e-01
  -1.8879171e-01
  -1.9259102e-01
  -1.9457410e-01
  -1.9395184e-01
  -1.9063071e-01
  -1.8533700e-01
  -1.7937987e-01
  -1.7412953e-01
  -1.7044437e-01
  -1.6833033e-01
  -1.6701272e-01
  -1.6539000e-01
  -1.6263448e-01
  -1.5862584e-01
  -1.5400189e-01
  -1.4983155e-01
  -1.4711741e-01
  -1.4639476e-01
  -1.4759593e-01
  -1.5018716e-01
  -1.5346170e-01
  -1.5683251e-01
  -1.6000002e-01
  -1.6294941e-01
  -1.6582150e-01
  -1.6875452e-01
  -1.7178132e-01
  -1.7480519e-01
  -1.7762200e-01
  -1.7994931e-01
  -1.8145806e-01
  -1.8183589e-01
  -1.8090185e-01
  -1.7874345e-01
  -1.7579860e-01
  -1.7280306e-01
  -1.7058248e-01
  -1.6975526e-01
  -1.7047407e-01
  -1.7233283e-01
  -1.7450165e-01
  -1.7605228e-01
  -1.7634461e-01
  -1.7530795e-01
  -1.7349368e-01
  -1.7187545e-01
  -1.7147599e-01
  -1.7296242e-01
  -1.7636165e-01
  -1.8100528e-01
  -1.8572725e-01
  -1.8923380e-01
  -1.9049716e-01
  -1.8903654e-01
  -1.8502623e-01
  -1.7924669e-01
  -1.7291937e-01
  -1.6744984e-01
  -1.6410043e-01
  -1.6364974e-01
  -1.6614391e-01
  -1.7084807e-01
  -1.7644643e-01
  -1.8144410e-01
  -1.8464013e-01
  -1.8550118e-01
  -1.8429183e-01
  -1.8191559e-01
  -1.7955159e-01
  -1.7826058e-01
  -1.7872104e-01
  -1.8115299e-01
  -1.8536536e-01
  -1.9081559e-01
  -1.9663370e-01
  -2.0168214e-01
  -2.0477085e-01
  -2.0505182e-01
  -2.0244234e-01
  -1.9782502e-01
  -1.9284669e-01
  -1.8934660e-01
  -1.8864650e-01
  -1.9101138e-01
  -1.9551327e-01
  -2.0036022e-01
  -2.0356746e-01
  -2.0371341e-01
  -2.0048160e-01
  -1.9476356e-01
  -1.8827289e-01
  -1.8283309e-01
  -1.7965300e-01
  -1.7890721e-01
  -1.7978319e-01
  -1.8092546e-01
  -1.8103718e-01
  -1.7937848e-01
  -1.7600526e-01
  -1.7172316e-01
  -1.6781116e-01
  -1.6559981e-01
  -1.6601227e-01
  -1.6920520e-01
  -1.7445089e-01
  -1.8034430e-01
  -1.8529826e-01
  -1.8815253e-01
  -1.8864102e-01
  -1.8749196e-01
  -1.8608377e-01
  -1.8578770e-01
  -1.8729657e-01
  -1.9026876e-01
  -1.9347334e-01
  -1.9537375e-01
  -1.9486329e-01
  -1.9178731e-01
  -1.8699797e-01
  -1.8193055e-01
  -1.7793373e-01
  -1.7569562e-01
  -1.7502970e-01
  -1.7507547e-01
  -1.7475786e-01
  -1.7325516e-01
  -1.7027971e-01
  -1.6610771e-01
  -1.6141105e-01
  -1.5699477e-01
  -1.5353839e-01
  -1.5140830e-01
  -1.5057937e-01
  -1.5068484e-01
  -1.5118917e-01
  -1.5163489e-01
  -1.5186385e-01
  -1.5209356e-01
  -1.5277812e-01
  -1.5429754e-01
  -1.5664178e-01
  -1.5929671e-01
  -1.6144168e-01
  -1.6237515e-01
  -1.6192744e-01
  -1.6061563e-01
  -1.5944849e-01
  -1.5948849e-01
  -1.6138968e-01
  -1.6510545e-01
  -1.6985391e-01
  -1.7433286e-01
  -1.7712656e-01
  -1.7720855e-01
  -1.7438664e-01
  -1.6949180e-01
  -1.6415880e-01
  -1.6022045e-01
  -1.5896375e-01
  -1.6061657e-01
  -1.6433203e-01
  -1.6866177e-01
  -1.7224271e-01
  -1.7433742e-01
  -1.7499095e-01
  -1.7479440e-01
  -1.7444137e-01
  -1.7434007e-01
  -1.7448095e-01
  -1.7459933e-01
  -1.7449960e-01
  -1.7431740e-01
  -1.7454148e-01
  -1.7577281e-01
  -1.7836469e-01
  -1.8215352e-01
  -1.8642348e-01
  -1.9011214e-01
  -1.9215494e-01
  -1.9183165e-01
  -1.8900221e-01
  -1.8416215e-01
  -1.7828896e-01
  -1.7250084e-01
  -1.6762259e-01
  -1.6382802e-01
  -1.6053909e-01
  -1.5666445e-01
  -1.5108940e-01
  -1.4318892e-01
  -1.3311764e-01
  -1.2174710e-01
  -1.1029884e-01
  -9.9861569e-02
  -9.1011655e-02
  -8.3679420e-02
  -7.7277727e-02
  -7.1001534e-02
  -6.4159125e-02
  -5.6409119e-02
  -4.7831960e-02
  -3.8831310e-02
  -2.9914855e-02
  -2.1436537e-02
  -1.3394852e-02
  -5.3699394e-03
   3.3645085e-03
   1.3591739e-02
   2.5865784e-02
   4.0304720e-02
   5.6536613e-02
   7.3799694e-02
   9.1142453e-02
   1.0765293e-01
   1.2265736e-01
   1.3584291e-01
   1.4727522e-01
   1.5730825e-01
   1.6641940e-01
   1.7502688e-01
   1.8334698e-01
   1.9133054e-01
   1.9868897e-01
   2.0499025e-01
   2.0978341e-01
   2.1271112e-01
   2.1359207e-01
   2.1248104e-01
   2.0971672e-01
   2.0593860e-01
   2.0201951e-01
   1.9886607e-01
   1.9710756e-01
   1.9679167e-01
   1.9725945e-01
   1.9732092e-01
   1.9570665e-01
   1.9161253e-01
   1.8508220e-01
   1.7703401e-01
   1.6890633e-01
   1.6208106e-01
   1.5735015e-01
   1.5465807e-01
   1.5320454e-01
   1.5181263e-01
   1.4936368e-01
   1.4512281e-01
   1.3888562e-01
   1.3097168e-01
   1.2211045e-01
   1.1323790e-01
   1.0521740e-01
   9.8542523e-02
   9.3128976e-02
   8.8297431e-02
   8.2976590e-02
   7.6057739e-02
   6.6762083e-02
   5.4875752e-02
   4.0768484e-02
   2.5209411e-02
   9.0740532e-03
  -6.9387492e-03
  -2.2490436e-02
  -3.7647218e-02
  -5.2787477e-02
  -6.8403611e-02
  -8.4859511e-02
  -1.0219583e-01
  -1.2008249e-01
  -1.3796838e-01
  -1.5537452e-01
  -1.7217505e-01
  -1.8868628e-01
  -2.0547398e-01
  -2.2295110e-01
  -2.4097538e-01
  -2.5867931e-01
  -2.7465737e-01
  -2.8745980e-01
  -2.9618950e-01
  -3.0093414e-01
  -3.0281357e-01
  -3.0357353e-01
  -3.0486536e-01
  -3.0752857e-01
  -3.1123058e-01
  -3.1466338e-01
  -3.1621694e-01
  -3.1480422e-01
  -3.1044376e-01
  -3.0433869e-01
  -2.9843590e-01
  -2.9467822e-01
  -2.9428086e-01
  -2.9733381e-01
  -3.0287530e-01
  -3.0936738e-01
  -3.1533334e-01
  -3.1986735e-01
  -3.2281802e-01
  -3.2462739e-01
  -3.2597427e-01
  -3.2743107e-01
  -3.2927024e-01
  -3.3142198e-01
  -3.3350447e-01
  -3.3487545e-01
  -3.3473561e-01
  -3.3234249e-01
  -3.2732058e-01
  -3.1993602e-01
  -3.1115651e-01
  -3.0240383e-01
  -2.9508000e-01
  -2.9008825e-01
  -2.8757963e-01
  -2.8703441e-01
  -2.8761279e-01
  -2.8858046e-01
  -2.8959275e-01
  -2.9070604e-01
  -2.9212573e-01
  -2.9383104e-01
  -2.9528140e-01
  -2.9538142e-01
  -2.9276418e-01
  -2.8629144e-01
  -2.7553773e-01
  -2.6099634e-01
  -2.4385025e-01
  -2.2535768e-01
  -2.0611530e-01
  -1.8556410e-01
  -1.6202317e-01
  -1.3330384e-01
  -9.7683481e-02
  -5.4834163e-02
  -6.2875107e-03
   4.4819526e-02
   9.4691603e-02
   1.4019922e-01
   1.8010170e-01
   2.1574135e-01
   2.5101951e-01
   2.9175064e-01
   3.4467082e-01
   4.1638900e-01
   5.1246103e-01
   6.3663611e-01
   7.9024834e-01
   9.7173591e-01
   1.1763620e+00
   1.3963353e+00
   1.6215906e+00
   1.8413647e+00
   2.0463639e+00
   2.2308716e+00
   2.3938807e+00
   2.5384969e+00
   2.6694945e+00
   2.7897633e+00
   2.8970518e+00
   2.9825077e+00
   3.0319345e+00
   3.0296107e+00
   2.9634115e+00
   2.8293279e+00
   2.6336206e+00
   2.3917548e+00
   2.1245502e+00
   1.8530602e+00
   1.5940512e+00
   1.3574718e+00
   1.1463141e+00
   9.5831945e-01
   7.8850598e-01
   6.3156417e-01
   4.8357224e-01
   3.4288767e-01
   2.1028262e-01
   8.8431605e-02
  -1.9118517e-02
  -1.0926491e-01
  -1.8058575e-01
  -2.3408946e-01
  -2.7319430e-01
  -3.0291906e-01
  -3.2855604e-01
  -3.5429444e-01
  -3.8227883e-01
  -4.1240356e-01
  -4.4283264e-01
  -4.7094086e-01
  -4.9424229e-01
  -5.1095907e-01
  -5.2011777e-01
  -5.2130723e-01
  -5.1437198e-01
  -4.9929710e-01
  -4.7637700e-01
  -4.4653866e-01
  -4.1154746e-01
  -3.7387537e-01
  -3.3623582e-01
  -3.0102355e-01
  -2.6995774e-01
  -2.4407451e-01
  -2.2397772e-01
  -2.1010923e-01
  -2.0282026e-01
  -2.0217567e-01
  -2.0760405e-01
  -2.1762467e-01
  -2.2987912e-01
  -2.4155932e-01
  -2.5011545e-01
  -2.5396340e-01
  -2.5290045e-01
  -2.4807925e-01
  -2.4157403e-01
  -2.3569268e-01
  -2.3223343e-01
  -2.3190771e-01
  -2.3414810e-01
  -2.3742399e-01
  -2.3996676e-01
  -2.4057160e-01
  -2.3907279e-01
  -2.3626764e-01
  -2.3338009e-01
  -2.3139584e-01
  -2.3062772e-01
  -2.3069730e-01
  -2.3087697e-01
  -2.3056292e-01
  -2.2961728e-01
  -2.2841697e-01
  -2.2760650e-01
  -2.2769127e-01
  -2.2867316e-01
  -2.2990719e-01
  -2.3026616e-01
  -2.2857486e-01
  -2.2415468e-01
  -2.1724078e-01
  -2.0904394e-01
  -2.0135973e-01
  -1.9584695e-01
  -1.9329383e-01
  -1.9323869e-01
  -1.9415575e-01
  -1.9413052e-01
  -1.9169934e-01
  -1.8646677e-01
  -1.7926128e-01
  -1.7182541e-01
  -1.6621235e-01
  -1.6411294e-01
  -1.6629966e-01
  -1.7231420e-01
  -1.8048253e-01
  -1.8830482e-01
  -1.9319305e-01
  -1.9339305e-01
  -1.8877414e-01
  -1.8110586e-01
  -1.7356446e-01
  -1.6952417e-01
  -1.7106050e-01
  -1.7782338e-01
  -1.8687324e-01
  -1.9369480e-01
  -1.9405087e-01
  -1.8586932e-01
  -1.7025271e-01
  -1.5108178e-01
  -1.3338211e-01
  -1.2125035e-01
  -1.1633159e-01
  -1.1750376e-01
  -1.2177385e-01
  -1.2580831e-01
  -1.2731210e-01
  -1.2568873e-01
  -1.2186386e-01
  -1.1755879e-01
  -1.1446544e-01
  -1.1367685e-01
  -1.1549444e-01
  -1.1953327e-01
  -1.2497091e-01
  -1.3081428e-01
  -1.3611624e-01
  -1.4011599e-01
  -1.4230489e-01
  -1.4244642e-01
  -1.4059551e-01
  -1.3714184e-01
  -1.3283254e-01
  -1.2866195e-01
  -1.2554156e-01
  -1.2382336e-01
  -1.2294553e-01
  -1.2150807e-01
  -1.1786981e-01
  -1.1101099e-01
  -1.0119194e-01
  -9.0024801e-02
  -7.9895754e-02
  -7.3004684e-02
  -7.0444839e-02
  -7.1700152e-02
  -7.4766956e-02
  -7.6881972e-02
  -7.5606041e-02
  -6.9837476e-02
  -6.0300881e-02
  -4.9242204e-02
  -3.9423518e-02
  -3.2883599e-02
  -3.0082949e-02
  -2.9854590e-02
  -3.0128908e-02
  -2.8973771e-02
  -2.5366132e-02
  -1.9349220e-02
  -1.1630446e-02
  -2.9602574e-03
   6.3275492e-03
   1.6381021e-02
   2.7494591e-02
   3.9589373e-02
   5.1852320e-02
   6.2819649e-02
   7.0949446e-02
   7.5429283e-02
   7.6778892e-02
   7.6855180e-02
   7.8150764e-02
   8.2665638e-02
   9.0904890e-02
   1.0153669e-01
   1.1192777e-01
   1.1933264e-01
   1.2218567e-01
   1.2089270e-01
   1.1775633e-01
   1.1607238e-01
   1.1880667e-01
   1.2742667e-01
   1.4135905e-01
   1.5824820e-01
   1.7486629e-01
   1.8831508e-01
   1.9710301e-01
   2.0173768e-01
   2.0460314e-01
   2.0909948e-01
   2.1830251e-01
   2.3365302e-01
   2.5424890e-01
   2.7709495e-01
   2.9824611e-01
   3.1437208e-01
   3.2408014e-01
   3.2844291e-01
   3.3052564e-01
   3.3413194e-01
   3.4230396e-01
   3.5619387e-01
   3.7474427e-01
   3.9525759e-01
   4.1455677e-01
   4.3021077e-01
   4.4132075e-01
   4.4861057e-01
   4.5389420e-01
   4.5923639e-01
   4.6618472e-01
   4.7534537e-01
   4.8638491e-01
   4.9836168e-01
   5.1019188e-01
   5.2105854e-01
   5.3064236e-01
   5.3913901e-01
   5.4709137e-01
   5.5511166e-01
   5.6360460e-01
   5.7261773e-01
   5.8190579e-01
   5.9118786e-01
   6.0044696e-01
   6.1006774e-01
   6.2069254e-01
   6.3285241e-01
   6.4657473e-01
   6.6119086e-01
   6.7546720e-01
   6.8802561e-01
   6.9787834e-01
   7.0483784e-01
   7.0960767e-01
   7.1350665e-01
   7.1795279e-01
   7.2393852e-01
   7.3170418e-01
   7.4069576e-01
   7.4976719e-01
   7.5752593e-01
   7.6271888e-01
   7.6456958e-01
   7.6298830e-01
   7.5859607e-01
   7.5254503e-01
   7.4617672e-01
   7.4062016e-01
   7.3646483e-01
   7.3362034e-01
   7.3139457e-01
   7.2873007e-01
   7.2449008e-01
   7.1770069e-01
   7.0770776e-01
   6.9425510e-01
   6.7751005e-01
   6.5805137e-01
   6.3680973e-01
   6.1493589e-01
   5.9358612e-01
   5.7365599e-01
   5.5554077e-01
   5.3901768e-01
   5.2331137e-01
   5.0732735e-01
   4.8996784e-01
   4.7043093e-01
   4.4843808e-01
   4.2438118e-01
   3.9937198e-01
   3.7512505e-01
   3.5358976e-01
   3.3633680e-01
   3.2387605e-01
   3.1521681e-01
   3.0795714e-01
   2.9898093e-01
   2.8555098e-01
   2.6637010e-01
   2.4215324e-01
   2.1542710e-01
   1.8958559e-01
   1.6755680e-01
   1.5063665e-01
   1.3799918e-01
   1.2710341e-01
   1.1481408e-01
   9.8737723e-02
   7.8195743e-02
   5.4439028e-02
   3.0058395e-02
   7.8949882e-03
  -1.0053218e-02
  -2.3277585e-02
  -3.2746031e-02
  -4.0317497e-02
  -4.7884320e-02
  -5.6608696e-02
  -6.6548072e-02
  -7.6797375e-02
  -8.6064018e-02
  -9.3406277e-02
  -9.8786689e-02
  -1.0316565e-01
  -1.0806711e-01
  -1.1480446e-01
  -1.2374115e-01
  -1.3397434e-01
  -1.4364450e-01
  -1.5076661e-01
  -1.5420100e-01
  -1.5427992e-01
  -1.5274801e-01
  -1.5201087e-01
  -1.5404880e-01
  -1.5953205e-01
  -1.6755572e-01
  -1.7607422e-01
  -1.8277546e-01
  -1.8598212e-01
  -1.8523389e-01
  -1.8138915e-01
  -1.7626856e-01
  -1.7199157e-01
  -1.7023405e-01
  -1.7166030e-01
  -1.7573140e-01
  -1.8095236e-01
  -1.8544560e-01
  -1.8761866e-01
  -1.8668679e-01
  -1.8288958e-01
  -1.7734952e-01
  -1.7162666e-01
  -1.6712410e-01
  -1.6456819e-01
  -1.6377639e-01
  -1.6380902e-01
  -1.6342104e-01
  -1.6159171e-01
  -1.5789895e-01
  -1.5261673e-01
  -1.4656048e-01
  -1.4079650e-01
  -1.3633969e-01
  -1.3392349e-01
  -1.3387915e-01
  -1.3612428e-01
  -1.4023363e-01
  -1.4555087e-01
  -1.5130593e-01
  -1.5672443e-01
  -1.6113637e-01
  -1.6409476e-01
  -1.6549514e-01
  -1.6564919e-01
  -1.6523765e-01
  -1.6509468e-01
  -1.6587147e-01
  -1.6773689e-01
  -1.7029567e-01
  -1.7279345e-01
  -1.7450059e-01
  -1.7505753e-01
  -1.7460293e-01
  -1.7365305e-01
  -1.7284084e-01
  -1.7266762e-01
  -1.7336440e-01
  -1.7487365e-01
  -1.7691294e-01
  -1.7908444e-01
  -1.8101060e-01
  -1.8246925e-01
  -1.8347498e-01
  -1.8424769e-01
  -1.8505661e-01
  -1.8601265e-01
  -1.8693676e-01
  -1.8740056e-01
  -1.8692757e-01
  -1.8523711e-01
  -1.8238560e-01
  -1.7872687e-01
  -1.7472308e-01
  -1.7072238e-01
  -1.6683535e-01
  -1.6298465e-01
  -1.5909988e-01
  -1.5533628e-01
  -1.5216117e-01
  -1.5020817e-01
  -1.4993154e-01
  -1.5123562e-01
  -1.5331503e-01
  -1.5486102e-01
  -1.5459597e-01
  -1.5189609e-01
  -1.4717415e-01
  -1.4179034e-01
  -1.3750354e-01
  -1.3572857e-01
  -1.3696460e-01
  -1.4064480e-01
  -1.4541623e-01
  -1.4966238e-01
  -1.5203334e-01
  -1.5182829e-01
  -1.4917746e-01
  -1.4501632e-01
  -1.4084221e-01
  -1.3826098e-01
  -1.3841437e-01
  -1.4149232e-01
  -1.4657636e-01
  -1.5194732e-01
  -1.5575659e-01
  -1.5675322e-01
  -1.5472809e-01
  -1.5050298e-01
  -1.4553255e-01
  -1.4134616e-01
  -1.3906446e-01
  -1.3912886e-01
  -1.4127133e-01
  -1.4467951e-01
  -1.4828035e-01
  -1.5105308e-01
  -1.5228657e-01
  -1.5172395e-01
  -1.4958718e-01
  -1.4651563e-01
  -1.4345412e-01
  -1.4148880e-01
  -1.4160307e-01
  -1.4435821e-01
  -1.4958575e-01
  -1.5624690e-01
  -1.6259840e-01
  -1.6668599e-01
  -1.6701989e-01
  -1.6316790e-01
  -1.5600494e-01
  -1.4748782e-01
  -1.4001638e-01
  -1.3560902e-01
  -1.3519375e-01
  -1.3827540e-01
  -1.4310876e-01
  -1.4732723e-01
  -1.4880326e-01
  -1.4641743e-01
  -1.4044192e-01
  -1.3240332e-01
  -1.2450589e-01
  -1.1886213e-01
  -1.1681934e-01
  -1.1859339e-01
  -1.2328540e-01
  -1.2922802e-01
  -1.3452300e-01
  -1.3760027e-01
  -1.3764449e-01
  -1.3478159e-01
  -1.2998198e-01
  -1.2470997e-01
  -1.2042510e-01
  -1.1810235e-01
  -1.1795103e-01
  -1.1944218e-01
  -1.2161454e-01
  -1.2349866e-01
  -1.2446148e-01
  -1.2434658e-01
  -1.2340614e-01
  -1.2211265e-01
  -1.2096227e-01
  -1.2034270e-01
  -1.2047273e-01
  -1.2137822e-01
  -1.2287848e-01
  -1.2459767e-01
  -1.2604112e-01
  -1.2675093e-01
  -1.2649159e-01
  -1.2536380e-01
  -1.2375420e-01
  -1.2211344e-01
  -1.2066929e-01
  -1.1924863e-01
  -1.1734257e-01
  -1.1441260e-01
  -1.1028226e-01
  -1.0538773e-01
  -1.0072330e-01
  -9.7482511e-02
  -9.6566630e-02
  -9.8205872e-02
  -1.0187384e-01
  -1.0651417e-01
  -1.1094222e-01
  -1.1422644e-01
  -1.1591569e-01
  -1.1609057e-01
  -1.1528806e-01
  -1.1434742e-01
  -1.1419594e-01
  -1.1559168e-01
  -1.1887015e-01
  -1.2377249e-01
  -1.2943617e-01
  -1.3459766e-01
  -1.3798467e-01
  -1.3878012e-01
  -1.3696927e-01
  -1.3340189e-01
  -1.2952410e-01
  -1.2689052e-01
  -1.2665620e-01
  -1.2922861e-01
  -1.3417684e-01
  -1.4040729e-01
  -1.4654358e-01
  -1.5138118e-01
  -1.5424541e-01
  -1.5511547e-01
  -1.5449711e-01
  -1.5316068e-01
  -1.5190537e-01
  -1.5143492e-01
  -1.5230979e-01
  -1.5488495e-01
  -1.5919130e-01
  -1.6481549e-01
  -1.7088658e-01
  -1.7624829e-01
  -1.7980506e-01
  -1.8092708e-01
  -1.7973434e-01
  -1.7710065e-01
  -1.7433762e-01
  -1.7268363e-01
  -1.7283297e-01
  -1.7472152e-01
  -1.7764716e-01
  -1.8063066e-01
  -1.8281438e-01
  -1.8370641e-01
  -1.8319513e-01
  -1.8141167e-01
  -1.7859941e-01
  -1.7510087e-01
  -1.7143318e-01
  -1.6831792e-01
  -1.6655483e-01
  -1.6676043e-01
  -1.6911582e-01
  -1.7327693e-01
  -1.7849271e-01
  -1.8384560e-01
  -1.8848140e-01
  -1.9175413e-01
  -1.9330175e-01
  -1.9309900e-01
  -1.9149123e-01
  -1.8916083e-01
  -1.8697645e-01
  -1.8573126e-01
  -1.8585136e-01
  -1.8720033e-01
  -1.8908959e-01
  -1.9051851e-01
  -1.9055306e-01
  -1.8867614e-01
  -1.8496389e-01
  -1.8004394e-01
  -1.7489398e-01
  -1.7057521e-01
  -1.6797376e-01
  -1.6759240e-01
  -1.6942308e-01
  -1.7292826e-01
  -1.7715114e-01
  -1.8095492e-01
  -1.8335478e-01
  -1.8385635e-01
  -1.8267225e-01
  -1.8069692e-01
  -1.7920033e-01
  -1.7933042e-01
  -1.8162601e-01
  -1.8576570e-01
  -1.9068047e-01
  -1.9498175e-01
  -1.9750713e-01
  -1.9775028e-01
  -1.9601941e-01
  -1.9329270e-01
  -1.9084562e-01
  -1.8979144e-01
  -1.9069883e-01
  -1.9342238e-01
  -1.9720119e-01
  -2.0097209e-01
  -2.0375711e-01
  -2.0496697e-01
  -2.0452255e-01
  -2.0279383e-01
  -2.0042950e-01
  -1.9816319e-01
  -1.9664603e-01
  -1.9631413e-01
  -1.9728693e-01
  -1.9931094e-01
  -2.0178386e-01
  -2.0389157e-01
  -2.0485689e-01
  -2.0424463e-01
  -2.0221114e-01
  -1.9956072e-01
  -1.9751787e-01
  -1.9725227e-01
  -1.9934597e-01
  -2.0346569e-01
  -2.0842893e-01
  -2.1266330e-01
  -2.1486104e-01
  -2.1452899e-01
  -2.1217721e-01
  -2.0905899e-01
  -2.0659519e-01
  -2.0576847e-01
  -2.0676970e-01
  -2.0902496e-01
  -2.1152963e-01
  -2.1328577e-01
  -2.1363957e-01
  -2.1241907e-01
  -2.0989418e-01
  -2.0664549e-01
  -2.0341404e-01
  -2.0095143e-01
  -1.9985902e-01
  -2.0042383e-01
  -2.0249994e-01
  -2.0550204e-01
  -2.0854840e-01
  -2.1073057e-01
  -2.1142448e-01
  -2.1052134e-01
  -2.0846563e-01
  -2.0605391e-01
  -2.0406158e-01
  -2.0287125e-01
  -2.0230124e-01
  -2.0173851e-01
  -2.0051231e-01
  -1.9830475e-01
  -1.9536752e-01
  -1.9241750e-01
  -1.9026343e-01
  -1.8937216e-01
  -1.8962098e-01
  -1.9037412e-01
  -1.9083292e-01
  -1.9045856e-01
  -1.8924278e-01
  -1.8770607e-01
  -1.8665794e-01
  -1.8685962e-01
  -1.8873842e-01
  -1.9224265e-01
  -1.9685823e-01
  -2.0176513e-01
  -2.0608493e-01
  -2.0914472e-01
  -2.1066766e-01
  -2.1082162e-01
  -2.1011241e-01
  -2.0916915e-01
  -2.0850935e-01
  -2.0837552e-01
  -2.0870240e-01
  -2.0921372e-01
  -2.0959016e-01
  -2.0962596e-01
  -2.0930810e-01
  -2.0879003e-01
  -2.0827255e-01
  -2.0784893e-01
  -2.0740767e-01
  -2.0668012e-01
  -2.0543856e-01
  -2.0373088e-01
  -2.0197863e-01
  -2.0083683e-01
  -2.0087624e-01
  -2.0227476e-01
  -2.0469862e-01
  -2.0742917e-01
  -2.0964764e-01
  -2.1072311e-01
  -2.1038166e-01
  -2.0872191e-01
  -2.0611809e-01
  -2.0307963e-01
  -2.0012079e-01
  -1.9766254e-01
  -1.9596284e-01
  -1.9506494e-01
  -1.9476671e-01
  -1.9463723e-01
  -1.9411401e-01
  -1.9268856e-01
  -1.9013467e-01
  -1.8668313e-01
  -1.8303757e-01
  -1.8018138e-01
