   1.1073780e+00
   1.0169352e+00
   8.3283932e-01
   1.1775250e+00
   1.5382459e+00
   9.9390329e-01
  -5.8326830e-01
  -2.2316828e+00
  -2.8591284e+00
  -2.3685668e+00
  -1.6719664e+00
  -1.5875810e+00
  -1.8935303e+00
  -1.6248210e+00
  -2.6638654e-01
   1.5401729e+00
   2.6042557e+00
   2.4289277e+00
   1.6793149e+00
   1.3534606e+00
   1.6172013e+00
   1.6437816e+00
   6.3799108e-01
  -1.1421082e+00
  -2.5547704e+00
  -2.7586846e+00
  -2.0695933e+00
  -1.5208748e+00
  -1.6432719e+00
  -1.8696200e+00
  -1.2460186e+00
   3.7575829e-01
   2.0475689e+00
   2.6865105e+00
   2.2021237e+00
   1.5108030e+00
   1.4332950e+00
   1.7484553e+00
   1.4905792e+00
   1.4292501e-01
  -1.6549231e+00
  -2.7140507e+00
  -2.5382995e+00
  -1.7923363e+00
  -1.4725834e+00
  -1.7425869e+00
  -1.7733863e+00
  -7.6838520e-01
   1.0145007e+00
   2.4324810e+00
   2.6424806e+00
   1.9584350e+00
   1.4124774e+00
   1.5349868e+00
   1.7592696e+00
   1.1323826e+00
  -4.9291042e-01
  -2.1677792e+00
  -2.8090157e+00
  -2.3260966e+00
  -1.6353916e+00
  -1.5575589e+00
  -1.8713636e+00
  -1.6111759e+00
  -2.6064802e-01
   1.5398972e+00
   2.6006229e+00
   2.4245883e+00
   1.6761850e+00
   1.3523019e+00
   1.6176408e+00
   1.6447205e+00
   6.3821205e-01
  -1.1433757e+00
  -2.5575125e+00
  -2.7620676e+00
  -2.0721923e+00
  -1.5210582e+00
  -1.6396226e+00
  -1.8612964e+00
  -1.2329958e+00
   3.9260186e-01
   2.0665354e+00
   2.7053488e+00
   2.2184579e+00
   1.5226432e+00
   1.4394709e+00
   1.7487928e+00
   1.4857332e+00
   1.3395775e-01
  -1.6669898e+00
  -2.7284941e+00
  -2.5547099e+00
  -1.8105039e+00
  -1.4924315e+00
  -1.7642170e+00
  -1.7971389e+00
  -7.9474510e-01
   9.8523796e-01
   2.4006755e+00
   2.6094826e+00
   1.9265203e+00
   1.3842948e+00
   1.5127008e+00
   1.7437951e+00
   1.1231307e+00
  -4.9758148e-01
  -2.1695724e+00
  -2.8086283e+00
  -2.3226078e+00
  -1.6264320e+00
  -1.5402351e+00
  -1.8435715e+00
  -1.5727583e+00
  -2.1388165e-01
   1.5907564e+00
   2.6506229e+00
   2.4696916e+00
   1.7145104e+00
   1.3844360e+00
   1.6458847e+00
   1.6716433e+00
   6.6519451e-01
  -1.1169544e+00
  -2.5341241e+00
  -2.7450436e+00
  -2.0643528e+00
  -1.5235275e+00
  -1.6512774e+00
  -1.8790360e+00
  -1.2527273e+00
   3.7460783e-01
   2.0523946e+00
   2.6948661e+00
   2.2092483e+00
   1.5110499e+00
   1.4219689e+00
   1.7233850e+00
   1.4528324e+00
   9.6427024e-02
  -1.7046640e+00
  -2.7615918e+00
  -2.5797090e+00
  -1.8260073e+00
  -1.4992360e+00
  -1.7645127e+00
  -1.7931988e+00
  -7.8769259e-01
   9.9603575e-01
   2.4173492e+00
   2.6347180e+00
   1.9624200e+00
   1.4315745e+00
   1.5705367e+00
   1.8103089e+00
   1.1962320e+00
  -4.1937712e-01
  -2.0866594e+00
  -2.7202957e+00
  -2.2274377e+00
  -1.5229122e+00
  -1.4273151e+00
  -1.7209182e+00
  -1.4405992e+00
  -7.2538361e-02
   1.7413696e+00
   2.8112391e+00
   2.6415339e+00
   1.8988298e+00
   1.5819925e+00
   1.8566288e+00
   1.8947489e+00
   8.9943540e-01
  -8.7264114e-01
  -2.2801390e+00
  -2.4809385e+00
  -1.7890965e+00
  -1.2361721e+00
  -1.3517724e+00
  -1.5688156e+00
  -9.3474066e-01
   6.9653471e-01
   2.3746650e+00
   3.0152398e+00
   2.5275019e+00
   1.8288810e+00
   1.7421931e+00
   2.0487670e+00
   1.7850010e+00
   4.3520456e-01
  -1.3614132e+00
  -2.4176686e+00
  -2.2399574e+00
  -1.4954512e+00
  -1.1820800e+00
  -1.4632160e+00
  -1.5079220e+00
  -5.1637432e-01
   1.2569144e+00
   2.6715170e+00
   2.8847938e+00
   2.2089917e+00
   1.6730335e+00
   1.8037480e+00
   2.0318558e+00
   1.4037116e+00
  -2.2656907e-01
  -1.9073876e+00
  -2.5525245e+00
  -2.0694137e+00
  -1.3740959e+00
  -1.2886242e+00
  -1.5942404e+00
  -1.3279380e+00
   2.4673366e-02
   1.8224101e+00
   2.8756777e+00
   2.6885660e+00
   1.9268053e+00
   1.5884404e+00
   1.8387908e+00
   1.8503431e+00
   8.2724410e-01
  -9.7265530e-01
  -2.4072101e+00
  -2.6341239e+00
  -1.9678109e+00
  -1.4403965e+00
  -1.5819116e+00
  -1.8253400e+00
  -1.2177885e+00
   3.8747029e-01
   2.0408992e+00
   2.6588808e+00
   2.1512529e+00
   1.4357023e+00
   1.3349127e+00
   1.6297392e+00
   1.3558884e+00
  -3.0558258e-03
  -1.8083998e+00
  -2.8729916e+00
  -2.7025916e+00
  -1.9631424e+00
  -1.6511760e+00
  -1.9291794e+00
  -1.9664897e+00
  -9.6498728e-01
   8.1800307e-01
   2.2390010e+00
   2.4531778e+00
   1.7723548e+00
   1.2270901e+00
   1.3474297e+00
   1.5677789e+00
   9.3730657e-01
  -6.8896464e-01
  -2.3607560e+00
  -2.9948809e+00
  -2.5024023e+00
  -1.8023304e+00
  -1.7180892e+00
  -2.0303289e+00
  -1.7737121e+00
  -4.3044658e-01
   1.3618352e+00
   2.4162758e+00
   2.2381275e+00
   1.4923849e+00
   1.1747093e+00
   1.4471619e+00
   1.4791472e+00
   4.7287326e-01
  -1.3140668e+00
  -2.7381852e+00
  -2.9548789e+00
  -2.2762035e+00
  -1.7326826e+00
  -1.8539198e+00
  -2.0736026e+00
  -1.4402989e+00
   1.9097914e-01
   1.8690888e+00
   2.5092033e+00
   2.0204480e+00
   1.3202698e+00
   1.2315260e+00
   1.5356781e+00
   1.2696053e+00
  -8.1248516e-02
  -1.8757749e+00
  -2.9244122e+00
  -2.7314061e+00
  -1.9628869e+00
  -1.6174736e+00
  -1.8609131e+00
  -1.8655244e+00
  -8.3439467e-01
   9.7643849e-01
   2.4267481e+00
   2.6753360e+00
   2.0361476e+00
   1.5391267e+00
   1.7110340e+00
   1.9817082e+00
   1.3965877e+00
  -1.9027832e-01
  -1.8258998e+00
  -2.4210789e+00
  -1.8790169e+00
  -1.1108958e+00
  -9.3399558e-01
  -1.1254956e+00
  -7.1952676e-01
   7.9953091e-01
   2.7895930e+00
   4.0574921e+00
   4.1007552e+00
   3.5758798e+00
   3.4702589e+00
   3.9391786e+00
   4.1478690e+00
   3.2973235e+00
   1.6460677e+00
   3.3875532e-01
   2.1903305e-01
   9.6999755e-01
   1.5521651e+00
   1.4246207e+00
   1.1433988e+00
   1.6545695e+00
   3.1055442e+00
   4.5559705e+00
   4.9380960e+00
   4.1804308e+00
   3.2178075e+00
   2.8853476e+00
   2.9705038e+00
   2.5105397e+00
   9.8742318e-01
  -9.6304318e-01
  -2.1566205e+00
  -2.1015014e+00
  -1.4655253e+00
  -1.2466040e+00
  -1.6080025e+00
  -1.7191349e+00
  -7.8135140e-01
   9.4873791e-01
   2.3278849e+00
   2.5103728e+00
   1.8057191e+00
   1.2409878e+00
   1.3422632e+00
   1.5405305e+00
   8.8307425e-01
  -7.7477929e-01
  -2.4802178e+00
  -3.1459453e+00
  -2.6785036e+00
  -1.9932100e+00
  -1.9114777e+00
  -2.2138457e+00
  -1.9364301e+00
  -5.6386450e-01
   1.2633760e+00
   2.3555596e+00
   2.2152848e+00
   1.5053234e+00
   1.2197361e+00
   1.5197065e+00
   1.5744051e+00
   5.8619134e-01
  -1.1871291e+00
  -2.6020145e+00
  -2.8139709e+00
  -2.1351181e+00
  -1.5957065e+00
  -1.7245166e+00
  -1.9538464e+00
  -1.3305145e+00
   2.9220753e-01
   1.9644735e+00
   2.6019399e+00
   2.1132581e+00
   1.4146305e+00
   1.3273654e+00
   1.6315860e+00
   1.3633386e+00
   7.7078642e-03
  -1.7943157e+00
  -2.8532301e+00
  -2.6732490e+00
  -1.9201905e+00
  -1.5919844e+00
  -1.8535508e+00
  -1.8768167e+00
  -8.6550501e-01
   9.2254276e-01
   2.3447321e+00
   2.5581411e+00
   1.8768570e+00
   1.3333334e+00
   1.4585512e+00
   1.6866055e+00
   1.0652451e+00
  -5.5250495e-01
  -2.2181781e+00
  -2.8494951e+00
  -2.3571107e+00
  -1.6583615e+00
  -1.5742424e+00
  -1.8830380e+00
  -1.6179845e+00
  -2.6142752e-01
   1.5471803e+00
   2.6179693e+00
   2.4529581e+00
   1.7147997e+00
   1.3985332e+00
   1.6675148e+00
   1.6938217e+00
   6.8264038e-01
  -1.1063227e+00
  -2.5291086e+00
  -2.7423536e+00
  -2.0604184e+00
  -1.5161431e+00
  -1.6404621e+00
  -1.8668777e+00
  -1.2423772e+00
   3.8034559e-01
   2.0523348e+00
   2.6901233e+00
   2.2030960e+00
   1.5080196e+00
   1.4265197e+00
   1.7386223e+00
   1.4797292e+00
   1.3379853e-01
  -1.6594714e+00
  -2.7116009e+00
  -2.5272342e+00
  -1.7720033e+00
  -1.4433091e+00
  -1.7055880e+00
  -1.7305735e+00
  -7.2202005e-01
   1.0622903e+00
   2.4802196e+00
   2.6897104e+00
   2.0057606e+00
   1.4612504e+00
   1.5867590e+00
   1.8152595e+00
   1.1932088e+00
  -4.2711410e-01
  -2.0969621e+00
  -2.7327962e+00
  -2.2436346e+00
  -1.5456907e+00
  -1.4600830e+00
  -1.7666435e+00
  -1.5010432e+00
  -1.4790798e-01
   1.6522609e+00
   2.7103809e+00
   2.5309412e+00
   1.7799078e+00
   1.4553110e+00
   1.7221561e+00
   1.7523229e+00
   7.4910948e-01
  -1.0306410e+00
  -2.4458145e+00
  -2.6549493e+00
  -1.9727991e+00
  -1.4310329e+00
  -1.5582980e+00
  -1.7854886e+00
  -1.1575602e+00
   4.7352959e-01
   2.1579488e+00
   2.8099337e+00
   2.3358105e+00
   1.6494601e+00
   1.5707196e+00
   1.8795228e+00
   1.6129082e+00
   2.5760691e-01
  -1.5437906e+00
  -2.6008316e+00
  -2.4177293e+00
  -1.6611798e+00
  -1.3304811e+00
  -1.5918538e+00
  -1.6179173e+00
  -6.1212712e-01
   1.1689434e+00
   2.5846643e+00
   2.7941802e+00
   2.1130291e+00
   1.5739156e+00
   1.7066920e+00
   1.9433327e+00
   1.3293370e+00
  -2.8365335e-01
  -1.9470430e+00
  -2.5769632e+00
  -2.0817852e+00
  -1.3770027e+00
  -1.2831671e+00
  -1.5798302e+00
  -1.3026978e+00
   6.3327276e-02
   1.8773626e+00
   2.9499818e+00
   2.7854267e+00
   2.0494425e+00
   1.7397172e+00
   2.0207025e+00
   2.0636058e+00
   1.0712038e+00
  -6.9972491e-01
  -2.1075278e+00
  -2.3097292e+00
  -1.6199617e+00
  -1.0691165e+00
  -1.1857374e+00
  -1.4013591e+00
  -7.6209371e-01
   8.7886685e-01
   2.5708564e+00
   3.2280046e+00
   2.7573055e+00
   2.0738321e+00
   1.9986835e+00
   2.3126420e+00
   2.0528718e+00
   7.0551746e-01
  -1.0878014e+00
  -2.1375255e+00
  -1.9483482e+00
  -1.1869898e+00
  -8.5253314e-01
  -1.1110178e+00
  -1.1350378e+00
  -1.2807716e-01
   1.6534175e+00
   3.0692092e+00
   3.2789930e+00
   2.5987444e+00
   2.0612475e+00
   2.1960248e+00
   2.4344851e+00
   1.8216190e+00
   2.0886980e-01
  -1.4549443e+00
  -2.0853702e+00
  -1.5900315e+00
  -8.8379307e-01
  -7.8698311e-01
  -1.0795163e+00
  -7.9801716e-01
   5.7139120e-01
   2.3866751e+00
   3.4576351e+00
   3.2882377e+00
   2.5443831e+00
   2.2242026e+00
   2.4927846e+00
   2.5221481e+00
   1.5160443e+00
  -2.6773217e-01
  -1.6867478e+00
  -1.8983465e+00
  -1.2168648e+00
  -6.7480475e-01
  -8.0288959e-01
  -1.0347510e+00
  -4.1774402e-01
   1.1951488e+00
   2.8550758e+00
   3.4791672e+00
   2.9777129e+00
   2.2683154e+00
   2.1730032e+00
   2.4716031e+00
   2.1988034e+00
   8.3760640e-01
  -9.7316732e-01
  -2.0455847e+00
  -1.8843673e+00
  -1.1547331e+00
  -8.5325280e-01
  -1.1432714e+00
  -1.1953845e+00
  -2.1241108e-01
   1.5483603e+00
   2.9446933e+00
   3.1338594e+00
   2.4298247e+00
   1.8644185e+00
   1.9674876e+00
   2.1718035e+00
   1.5241788e+00
  -1.2232089e-01
  -1.8179370e+00
  -2.4781079e+00
  -2.0110124e+00
  -1.3323706e+00
  -1.2632632e+00
  -1.5839416e+00
  -1.3308071e+00
   1.0745976e-02
   1.7996931e+00
   2.8468038e+00
   2.6566598e+00
   1.8952129e+00
   1.5600326e+00
   1.8151484e+00
   1.8312747e+00
   8.1094336e-01
  -9.8883260e-01
  -2.4256736e+00
  -2.6561136e+00
  -1.9929128e+00
  -1.4665780e+00
  -1.6059468e+00
  -1.8434270e+00
  -1.2262083e+00
   3.9173938e-01
   2.0596748e+00
   2.6924630e+00
   2.1984038e+00
   1.4939800e+00
   1.4013371e+00
   1.7016613e+00
   1.4318457e+00
   7.7231008e-02
  -1.7217028e+00
  -2.7766730e+00
  -2.5935658e+00
  -1.8399462e+00
  -1.5151418e+00
  -1.7847288e+00
  -1.8202686e+00
  -8.2402913e-01
   9.4844459e-01
   2.3570953e+00
   2.5609377e+00
   1.8746091e+00
   1.3293714e+00
   1.4535907e+00
   1.6782750e+00
   1.0488364e+00
  -5.8228992e-01
  -2.2651378e+00
  -2.9143067e+00
  -2.4368250e+00
  -1.7472513e+00
  -1.6657343e+00
  -1.9720369e+00
  -1.7027076e+00
  -3.4399993e-01
   1.4616746e+00
   2.5236695e+00
   2.3457883e+00
   1.5943610e+00
   1.2685460e+00
   1.5346524e+00
   1.5654500e+00
   5.6437892e-01
  -1.2123082e+00
  -2.6245389e+00
  -2.8319590e+00
  -2.1501698e+00
  -1.6112692e+00
  -1.7439389e+00
  -1.9788556e+00
  -1.3606379e+00
   2.5918557e-01
   1.9313857e+00
   2.5710654e+00
   2.0856458e+00
   1.3901080e+00
   1.3050405e+00
   1.6104568e+00
   1.3427034e+00
  -1.2726326e-02
  -1.8145367e+00
  -2.8730976e+00
  -2.6926619e+00
  -1.9392415e+00
  -1.6111137e+00
  -1.8736492e+00
  -1.8991611e+00
  -8.9142512e-01
   8.9221458e-01
   2.3101660e+00
   2.5206108e+00
   1.8382289e+00
   1.2950903e+00
   1.4208360e+00
   1.6478599e+00
   1.0227653e+00
  -6.0124219e-01
  -2.2740097e+00
  -2.9106589e+00
  -2.4195023e+00
  -1.7170229e+00
  -1.6255294e+00
  -1.9264995e+00
  -1.6570100e+00
  -3.0222754e-01
   1.4979302e+00
   2.5558370e+00
   2.3776275e+00
   1.6302720e+00
   1.3115615e+00
   1.5849395e+00
   1.6199308e+00
   6.1764747e-01
  -1.1660754e+00
  -2.5893613e+00
  -2.8083752e+00
  -2.1348172e+00
  -1.5979591e+00
  -1.7258223e+00
  -1.9507770e+00
  -1.3207044e+00
   3.0938627e-01
   1.9878336e+00
   2.6290099e+00
   2.1412090e+00
   1.4412731e+00
   1.3519150e+00
   1.6550058e+00
   1.3882344e+00
   3.7852644e-02
  -1.7547238e+00
  -2.8005008e+00
  -2.6052274e+00
  -1.8371697e+00
  -1.4971423e+00
  -1.7525213e+00
  -1.7762289e+00
  -7.7077968e-01
   1.0093588e+00
   2.4260864e+00
   2.6403131e+00
   1.9675099e+00
   1.4381515e+00
   1.5783604e+00
   1.8162446e+00
   1.1946928e+00
  -4.3522121e-01
  -2.1234919e+00
  -2.7835667e+00
  -2.3207615e+00
  -1.6478603e+00
  -1.5834334e+00
  -1.9059006e+00
  -1.6506888e+00
  -3.0325662e-01
   1.4942033e+00
   2.5504557e+00
   2.3679399e+00
   1.6112707e+00
   1.2782451e+00
   1.5348278e+00
   1.5547542e+00
   5.4352406e-01
  -1.2400763e+00
  -2.6537404e+00
  -2.8558653e+00
  -2.1622257e+00
  -1.6066100e+00
  -1.7206057e+00
  -1.9383241e+00
  -1.3074205e+00
   3.1881943e-01
   1.9911934e+00
   2.6265264e+00
   2.1350040e+00
   1.4344531e+00
   1.3474794e+00
   1.6547239e+00
   1.3916866e+00
   4.1895854e-02
  -1.7557912e+00
  -2.8139081e+00
  -2.6379338e+00
  -1.8937472e+00
  -1.5780676e+00
  -1.8536264e+00
  -1.8897331e+00
  -8.8771603e-01
   8.9615534e-01
   2.3196184e+00
   2.5387069e+00
   1.8653028e+00
   1.3290705e+00
   1.4584516e+00
   1.6861055e+00
   1.0600038e+00
  -5.6495529e-01
  -2.2374277e+00
  -2.8723383e+00
  -2.3787423e+00
  -1.6742682e+00
  -1.5820864e+00
  -1.8838309e+00
  -1.6161098e+00
  -2.6348647e-01
   1.5343087e+00
   2.5891812e+00
   2.4063777e+00
   1.6521477e+00
   1.3243525e+00
   1.5876364e+00
   1.6137179e+00
   6.0626961e-01
  -1.1768876e+00
  -2.5933945e+00
  -2.8009507e+00
  -2.1145980e+00
  -1.5677618e+00
  -1.6919495e+00
  -1.9209484e+00
  -1.3012759e+00
   3.1586932e-01
   1.9837813e+00
   2.6211485e+00
   2.1383421e+00
   1.4512041e+00
   1.3785720e+00
   1.6967461e+00
   1.4379247e+00
   8.4751555e-02
  -1.7218499e+00
  -2.7900287e+00
  -2.6202014e+00
  -1.8745308e+00
  -1.5489158e+00
  -1.8085486e+00
  -1.8275124e+00
  -8.1232387e-01
   9.7713053e-01
   2.3977671e+00
   2.6075906e+00
   1.9221266e+00
   1.3747109e+00
   1.4960648e+00
   1.7190958e+00
   1.0902628e+00
  -5.3789666e-01
  -2.2161710e+00
  -2.8605855e+00
  -2.3799647e+00
  -1.6905728e+00
  -1.6136050e+00
  -1.9287358e+00
  -1.6711691e+00
  -3.2493352e-01
   1.4698940e+00
   2.5242685e+00
   2.3423220e+00
   1.5894255e+00
   1.2629778e+00
   1.5274809e+00
   1.5545639e+00
   5.4763383e-01
  -1.2359249e+00
  -2.6540606e+00
  -2.8642144e+00
  -2.1803312e+00
  -1.6340894e+00
  -1.7553074e+00
  -1.9771133e+00
  -1.3471254e+00
   2.8058716e-01
   1.9555623e+00
   2.5933434e+00
   2.1032450e+00
   1.4029030e+00
   1.3154138e+00
   1.6223203e+00
   1.3600120e+00
   1.2525244e-02
  -1.7813054e+00
  -2.8344590e+00
  -2.6530359e+00
  -1.9035097e+00
  -1.5831266e+00
  -1.8551696e+00
  -1.8895992e+00
  -8.8840169e-01
   8.9176502e-01
   2.3088379e+00
   2.5197791e+00
   1.8379424e+00
   1.2945181e+00
   1.4189176e+00
   1.6437567e+00
   1.0158731e+00
  -6.1166219e-01
  -2.2892668e+00
  -2.9327371e+00
  -2.4505912e+00
  -1.7585593e+00
  -1.6771772e+00
  -1.9856457e+00
  -1.7191996e+00
  -3.6252060e-01
   1.4431947e+00
   2.5076766e+00
   2.3341424e+00
   1.5876654e+00
   1.2660414e+00
   1.5346589e+00
   1.5660941e+00
   5.6427277e-01
  -1.2136544e+00
  -2.6266125e+00
  -2.8333979e+00
  -2.1491274e+00
  -1.6059525e+00
  -1.7332176e+00
  -1.9627386e+00
  -1.3404004e+00
   2.8131601e-01
   1.9528785e+00
   2.5898150e+00
   2.1004992e+00
   1.4010131e+00
   1.3128048e+00
   1.6162664e+00
   1.3476257e+00
  -8.0594158e-03
  -1.8099897e+00
  -2.8688924e+00
  -2.6891737e+00
  -1.9368532e+00
  -1.6101703e+00
  -1.8744747e+00
  -1.9020666e+00
  -8.9666251e-01
   8.8455453e-01
   2.3002778e+00
   2.5090647e+00
   1.8259577e+00
   1.2832131e+00
   1.4103137e+00
   1.6390578e+00
   1.0150632e+00
  -6.0962451e-01
  -2.2858409e+00
  -2.9291260e+00
  -2.4473260e+00
  -1.7554949e+00
  -1.6738199e+00
  -1.9815688e+00
  -1.7142843e+00
  -3.5691612e-01
   1.4492850e+00
   2.5141371e+00
   2.3408220e+00
   1.5940093e+00
   1.2707220e+00
   1.5355277e+00
   1.5606361e+00
   5.5046082e-01
  -1.2364727e+00
  -2.6572507e+00
  -2.8690675e+00
  -2.1863018e+00
  -1.6414733e+00
  -1.7651733e+00
  -1.9908120e+00
  -1.3656597e+00
   2.5699553e-01
   1.9275132e+00
   2.5619488e+00
   2.0696870e+00
   1.3680855e+00
   1.2798153e+00
   1.5860198e+00
   1.3228054e+00
  -2.5935126e-02
  -1.8213784e+00
  -2.8764031e+00
  -2.6969184e+00
  -1.9491211e+00
  -1.6298850e+00
  -1.9020318e+00
  -1.9350516e+00
  -9.3062066e-01
   8.5454700e-01
   2.2778470e+00
   2.4952935e+00
   1.8191769e+00
   1.2799047e+00
   1.4067145e+00
   1.6327683e+00
   1.0060132e+00
  -6.1918570e-01
  -2.2922570e+00
  -2.9287697e+00
  -2.4380439e+00
  -1.7375788e+00
  -1.6501860e+00
  -1.9570839e+00
  -1.6944529e+00
  -3.4634078e-01
   1.4481874e+00
   2.5017582e+00
   2.3201194e+00
   1.5694687e+00
   1.2468797e+00
   1.5155878e+00
   1.5456964e+00
   5.3961068e-01
  -1.2452974e+00
  -2.6660839e+00
  -2.8789401e+00
  -2.1968732e+00
  -1.6513450e+00
  -1.7726197e+00
  -1.9944820e+00
  -1.3648724e+00
   2.6245290e-01
   1.9378488e+00
   2.5776889e+00
   2.0915629e+00
   1.3965125e+00
   1.3143064e+00
   1.6249639e+00
   1.3638367e+00
   1.4895124e-02
  -1.7820701e+00
  -2.8384648e+00
  -2.6588513e+00
  -1.9087946e+00
  -1.5855609e+00
  -1.8533065e+00
  -1.8833480e+00
  -8.7900081e-01
   9.0225048e-01
   2.3183130e+00
   2.5269246e+00
   1.8427132e+00
   1.2981160e+00
   1.4232465e+00
   1.6506240e+00
   1.0263230e+00
  -5.9759701e-01
  -2.2723670e+00
  -2.9141541e+00
  -2.4314262e+00
  -1.7396215e+00
  -1.6589190e+00
  -1.9681982e+00
  -1.7024563e+00
  -3.4627653e-01
   1.4590399e+00
   2.5228977e+00
   2.3480514e+00
   1.5991460e+00
   1.2737551e+00
   1.5373396e+00
   1.5628224e+00
   5.5466454e-01
  -1.2293660e+00
  -2.6476015e+00
  -2.8583608e+00
  -2.1764513e+00
  -1.6338978e+00
  -1.7601026e+00
  -1.9871508e+00
  -1.3614383e+00
   2.6383112e-01
   1.9383370e+00
   2.5769916e+00
   2.0879561e+00
   1.3876141e+00
   1.2981627e+00
   1.6009595e+00
   1.3330928e+00
  -1.9941756e-02
  -1.8175339e+00
  -2.8712186e+00
  -2.6865608e+00
  -1.9306106e+00
  -1.6019943e+00
  -1.8654996e+00
  -1.8920232e+00
  -8.8357170e-01
   9.0393920e-01
   2.3294217e+00
   2.5504487e+00
   1.8802629e+00
   1.3492589e+00
   1.4857601e+00
   1.7215398e+00
   1.1032593e+00
  -5.1542625e-01
  -2.1838800e+00
  -2.8169235e+00
  -2.3227299e+00
  -1.6175996e+00
  -1.5234175e+00
  -1.8209865e+00
  -1.5466843e+00
  -1.8528475e-01
   1.6231617e+00
   2.6904210e+00
   2.5218636e+00
   1.7839755e+00
   1.4746764e+00
   1.7582082e+00
   1.8052838e+00
   8.1804970e-01
  -9.4737567e-01
  -2.3499532e+00
  -2.5477234e+00
  -1.8547347e+00
  -1.3022495e+00
  -1.4192023e+00
  -1.6375246e+00
  -1.0035917e+00
   6.2947906e-01
   2.3115675e+00
   2.9577546e+00
   2.4761042e+00
   1.7824787e+00
   1.6981782e+00
   2.0035526e+00
   1.7349644e+00
   3.7782849e-01
  -1.4265122e+00
  -2.4881904e+00
  -2.3111643e+00
  -1.5613181e+00
  -1.2371123e+00
  -1.5043507e+00
  -1.5357775e+00
  -5.3529472e-01
   1.2401108e+00
   2.6496446e+00
   2.8524727e+00
   2.1640910e+00
   1.6169079e+00
   1.7402798e+00
   1.9657560e+00
   1.3387513e+00
  -2.8878484e-01
  -1.9677557e+00
  -2.6138788e+00
  -2.1353491e+00
  -1.4476572e+00
  -1.3713482e+00
  -1.6858542e+00
  -1.4267052e+00
  -7.8760918e-02
   1.7168291e+00
   2.7700331e+00
   2.5843296e+00
   1.8248718e+00
   1.4892475e+00
   1.7424401e+00
   1.7566936e+00
   7.3598130e-01
  -1.0619673e+00
  -2.4951010e+00
  -2.7212136e+00
  -2.0547974e+00
  -1.5279613e+00
  -1.6704812e+00
  -1.9147473e+00
  -1.3070212e+00
   3.0018014e-01
   1.9575040e+00
   2.5805893e+00
   2.0776345e+00
   1.3642936e+00
   1.2616350e+00
   1.5500962e+00
   1.2665684e+00
  -1.0276748e-01
  -1.9159915e+00
  -2.9832460e+00
  -2.8092060e+00
  -2.0609233e+00
  -1.7379452e+00
  -2.0065370e+00
  -2.0390127e+00
  -1.0381378e+00
   7.4036522e-01
   2.1563936e+00
   2.3687621e+00
   1.6915662e+00
   1.1552190e+00
   1.2871858e+00
   1.5178732e+00
   8.9265781e-01
  -7.3548233e-01
  -2.4157538e+00
  -3.0621318e+00
  -2.5816541e+00
  -1.8896350e+00
  -1.8074042e+00
  -2.1156990e+00
  -1.8512220e+00
  -4.9932096e-01
   1.2992614e+00
   2.3556345e+00
   2.1747674e+00
   1.4232343e+00
   1.0996361e+00
   1.3693291e+00
   1.4041636e+00
   4.0697123e-01
  -1.3661851e+00
  -2.7750144e+00
  -2.9786464e+00
  -2.2920982e+00
  -1.7471374e+00
  -1.8726561e+00
  -2.1001642e+00
  -1.4755191e+00
   1.4855577e-01
   1.8221725e+00
   2.4606387e+00
   1.9724897e+00
   1.2744862e+00
   1.1892047e+00
   1.4983074e+00
   1.2389563e+00
  -1.0364784e-01
  -1.8895280e+00
  -2.9309067e+00
  -2.7336296e+00
  -1.9642251e+00
  -1.6199358e+00
  -1.8636948e+00
  -1.8647880e+00
  -8.2459073e-01
   1.0001944e+00
   2.4663231e+00
   2.7283859e+00
   2.0967016e+00
   1.5997569e+00
   1.7657234e+00
   2.0282928e+00
   1.4379582e+00
  -1.4639788e-01
  -1.7682077e+00
  -2.3363754e+00
  -1.7538597e+00
  -9.3313152e-01
  -6.9433780e-01
  -8.1933569e-01
  -3.4888573e-01
   1.2244454e+00
   3.2501223e+00
   4.5284212e+00
   4.5546358e+00
   3.9889814e+00
   3.8282524e+00
   4.2401685e+00
   4.4009786e+00
   3.5166705e+00
   1.8420232e+00
   5.0989712e-01
   3.4836815e-01
   1.0276007e+00
   1.5038538e+00
   1.2437062e+00
   8.2106916e-01
   1.2048161e+00
   2.5626987e+00
   3.9659387e+00
   4.3468156e+00
   3.6237925e+00
   2.7160817e+00
   2.4429056e+00
   2.5795776e+00
   2.1568119e+00
   6.5546213e-01
  -1.2856440e+00
  -2.4767739e+00
  -2.4198403e+00
  -1.7772283e+00
  -1.5436366e+00
  -1.8822574e+00
  -1.9655736e+00
  -1.0001015e+00
   7.5210954e-01
   2.1440545e+00
   2.3292719e+00
   1.6197311e+00
   1.0471542e+00
   1.1427891e+00
   1.3416106e+00
   6.9269638e-01
  -9.4910759e-01
  -2.6329963e+00
  -3.2740716e+00
  -2.7806927e+00
  -2.0690647e+00
  -1.9609631e+00
  -2.2376103e+00
  -1.9367952e+00
  -5.4576526e-01
   1.2922958e+00
   2.3860329e+00
   2.2383141e+00
   1.5140353e+00
   1.2103940e+00
   1.4915624e+00
   1.5286639e+00
   5.2473158e-01
  -1.2626326e+00
  -2.6902353e+00
  -2.9134455e+00
  -2.2435693e+00
  -1.7096732e+00
  -1.8395851e+00
  -2.0654519e+00
  -1.4350179e+00
   1.9657449e-01
   1.8771858e+00
   2.5205310e+00
   2.0344130e+00
   1.3356195e+00
   1.2471622e+00
   1.5511048e+00
   1.2846761e+00
  -6.7182896e-02
  -1.8647993e+00
  -2.9204366e+00
  -2.7396677e+00
  -1.9887375e+00
  -1.6650690e+00
  -1.9325486e+00
  -1.9620471e+00
  -9.5652453e-01
   8.2661163e-01
   2.2450041e+00
   2.4558751e+00
   1.7733368e+00
   1.2296505e+00
   1.3553555e+00
   1.5839766e+00
   9.6278399e-01
  -6.5538930e-01
  -2.3219225e+00
  -2.9541241e+00
  -2.4621677e+00
  -1.7630615e+00
  -1.6778248e+00
  -1.9852274e+00
  -1.7193782e+00
  -3.6358923e-01
   1.4420649e+00
   2.5077952e+00
   2.3364465e+00
   1.5918974e+00
   1.2702588e+00
   1.5353720e+00
   1.5591699e+00
   5.4642472e-01
  -1.2433334e+00
  -2.6658036e+00
  -2.8769594e+00
  -2.1907841e+00
  -1.6406636e+00
  -1.7591862e+00
  -1.9820756e+00
  -1.3579992e+00
   2.6032514e-01
   1.9260053e+00
   2.5590696e+00
   2.0722699e+00
   1.3838983e+00
   1.3143334e+00
   1.6399898e+00
   1.3918656e+00
   5.0639544e-02
  -1.7448633e+00
  -2.8045602e+00
  -2.6300457e+00
  -1.8839181e+00
  -1.5616838e+00
  -1.8273603e+00
  -1.8533480e+00
  -8.4446604e-01
   9.4056316e-01
   2.3589337e+00
   2.5680719e+00
   1.8824767e+00
   1.3345868e+00
   1.4548074e+00
   1.6764352e+00
   1.0468227e+00
  -5.8045341e-01
  -2.2553249e+00
  -2.8933599e+00
  -2.4034626e+00
  -1.7026002e+00
  -1.6132481e+00
  -1.9166132e+00
  -1.6490711e+00
  -2.9483542e-01
   1.5070236e+00
   2.5691867e+00
   2.3972609e+00
   1.6569178e+00
   1.3443469e+00
   1.6217759e+00
   1.6584795e+00
   6.5646241e-01
  -1.1267287e+00
  -2.5473775e+00
  -2.7604483e+00
  -2.0776160e+00
  -1.5293952e+00
  -1.6459226e+00
  -1.8617936e+00
  -1.2263622e+00
   4.0526492e-01
   2.0827956e+00
   2.7229098e+00
   2.2361918e+00
   1.5407939e+00
   1.4592200e+00
   1.7717224e+00
   1.5136173e+00
   1.6892964e-01
  -1.6222041e+00
  -2.6706755e+00
  -2.4807773e+00
  -1.7185204e+00
  -1.3825194e+00
  -1.6388520e+00
  -1.6605347e+00
  -6.5147797e-01
   1.1318075e+00
   2.5494658e+00
   2.7617171e+00
   2.0846756e+00
   1.5504626e+00
   1.6871584e+00
   1.9244792e+00
   1.3062713e+00
  -3.1596285e-01
  -1.9919858e+00
  -2.6350081e+00
  -2.1502484e+00
  -1.4509610e+00
  -1.3571595e+00
  -1.6497126e+00
  -1.3669995e+00
   2.9763958e-03
   1.8168467e+00
   2.8841595e+00
   2.7100096e+00
   1.9627129e+00
   1.6434712e+00
   1.9199741e+00
   1.9651372e+00
   9.8115615e-01
  -7.7793365e-01
  -2.1743645e+00
  -2.3691943e+00
  -1.6779298e+00
  -1.1311148e+00
  -1.2550961e+00
  -1.4784195e+00
  -8.4463471e-01
   7.9434239e-01
   2.4876228e+00
   3.1480220e+00
   2.6808775e+00
   1.9999784e+00
   1.9259069e+00
   2.2396822e+00
   1.9791419e+00
   6.3112628e-01
  -1.1623469e+00
  -2.2117111e+00
  -2.0218870e+00
  -1.2597481e+00
  -9.2417983e-01
  -1.1806131e+00
  -1.2008418e+00
  -1.8776824e-01
   1.6021200e+00
   3.0277222e+00
   3.2471710e+00
   2.5746277e+00
   2.0414635e+00
   2.1768096e+00
   2.4129984e+00
   1.7970064e+00
   1.8254402e-01
  -1.4800261e+00
  -2.1061897e+00
  -1.6051299e+00
  -8.9430043e-01
  -7.9656053e-01
  -1.0931933e+00
  -8.2040989e-01
   5.3771778e-01
   2.3420383e+00
   3.4050093e+00
   3.2322104e+00
   2.4898139e+00
   2.1750675e+00
   2.4514388e+00
   2.4890101e+00
   1.4896261e+00
  -2.9045902e-01
  -1.7096223e+00
  -1.9249703e+00
  -1.2494649e+00
  -7.1338101e-01
  -8.4500154e-01
  -1.0760866e+00
  -4.5331833e-01
   1.1695431e+00
   2.8416086e+00
   3.4772545e+00
   2.9840214e+00
   2.2774754e+00
   2.1788412e+00
   2.4685817e+00
   2.1832991e+00
   8.0869962e-01
  -1.0135958e+00
  -2.0934704e+00
  -1.9346159e+00
  -1.2025690e+00
  -8.9535403e-01
  -1.1783602e+00
  -1.2241568e+00
  -2.3693941e-01
   1.5254595e+00
   2.9210487e+00
   3.1079475e+00
   2.4013819e+00
   1.8346828e+00
   1.9392115e+00
   2.1488882e+00
   1.5108147e+00
  -1.2293171e-01
  -1.8049214e+00
  -2.4537835e+00
  -1.9807698e+00
  -1.3033975e+00
  -1.2424329e+00
  -1.5756445e+00
  -1.3356621e+00
  -4.3330942e-03
   1.7791683e+00
   2.8250557e+00
   2.6353753e+00
   1.8729238e+00
   1.5331094e+00
   1.7798674e+00
   1.7859232e+00
   7.5696564e-01
  -1.0471336e+00
  -2.4826638e+00
  -2.7068439e+00
  -2.0347560e+00
  -1.4998752e+00
  -1.6335060e+00
  -1.8691601e+00
  -1.2534867e+00
   3.6135115e-01
   2.0268145e+00
   2.6593581e+00
   2.1675341e+00
   1.4666020e+00
   1.3765190e+00
   1.6762671e+00
   1.4015066e+00
   3.7915554e-02
  -1.7721762e+00
  -2.8378231e+00
  -2.6624729e+00
  -1.9123897e+00
  -1.5871197e+00
  -1.8536825e+00
  -1.8855329e+00
  -8.8643930e-01
   8.8747288e-01
   2.2965364e+00
   2.5007909e+00
   1.8160278e+00
   1.2743238e+00
   1.4042325e+00
   1.6362829e+00
   1.0149471e+00
  -6.0838257e-01
  -2.2845388e+00
  -2.9284958e+00
  -2.4472731e+00
  -1.7552132e+00
  -1.6722048e+00
  -1.9777584e+00
  -1.7081373e+00
  -3.4923941e-01
   1.4569050e+00
   2.5199324e+00
   2.3437037e+00
   1.5943334e+00
   1.2705627e+00
   1.5382506e+00
   1.5698924e+00
   5.6900830e-01
  -1.2076453e+00
  -2.6191711e+00
  -2.8243629e+00
  -2.1383496e+00
  -1.5934812e+00
  -1.7195008e+00
  -1.9486757e+00
  -1.3271723e+00
   2.9259765e-01
   1.9615726e+00
   2.5960400e+00
   2.1051844e+00
   1.4056729e+00
   1.3190910e+00
   1.6254224e+00
   1.3600101e+00
   6.7952142e-03
  -1.7944031e+00
  -2.8547934e+00
  -2.6785676e+00
  -1.9309032e+00
  -1.6088723e+00
  -1.8767291e+00
  -1.9060871e+00
  -9.0056030e-01
   8.8218776e-01
   2.2999430e+00
   2.5102020e+00
   1.8271363e+00
   1.2826448e+00
   1.4065373e+00
   1.6315408e+00
   1.0044694e+00
  -6.2162350e-01
  -2.2971262e+00
  -2.9378210e+00
  -2.4523334e+00
  -1.7567044e+00
  -1.6719867e+00
  -1.9779992e+00
  -1.7104848e+00
  -3.5427549e-01
   1.4498048e+00
   2.5123334e+00
   2.3375495e+00
   1.5912744e+00
   1.2713871e+00
   1.5425717e+00
   1.5761479e+00
   5.7474608e-01
  -1.2052368e+00
  -2.6225421e+00
  -2.8348020e+00
  -2.1553250e+00
  -1.6144187e+00
  -1.7402177e+00
  -1.9644475e+00
  -1.3341128e+00
   2.9635818e-01
   1.9753750e+00
   2.6170358e+00
   2.1293561e+00
   1.4291228e+00
   1.3391699e+00
   1.6414092e+00
   1.3732144e+00
   2.0061604e-02
  -1.7777091e+00
  -2.8320728e+00
  -2.6491141e+00
  -1.8963707e+00
  -1.5727861e+00
  -1.8431639e+00
  -1.8780605e+00
  -8.7885457e-01
   8.9927201e-01
   2.3158574e+00
   2.5288383e+00
   1.8515070e+00
   1.3140252e+00
   1.4442755e+00
   1.6734870e+00
   1.0478098e+00
  -5.7941985e-01
  -2.2575580e+00
  -2.9010447e+00
  -2.4173738e+00
  -1.7220542e+00
  -1.6363101e+00
  -1.9406588e+00
  -1.6717634e+00
  -3.1534401e-01
   1.4870429e+00
   2.5454534e+00
   2.3639137e+00
   1.6085240e+00
   1.2781248e+00
   1.5390732e+00
   1.5647982e+00
   5.5988736e-01
  -1.2181965e+00
  -2.6286155e+00
  -2.8310542e+00
  -2.1420263e+00
  -1.5951667e+00
  -1.7208154e+00
  -1.9508268e+00
  -1.3300474e+00
   2.9082129e-01
   1.9640753e+00
   2.6063470e+00
   2.1258788e+00
   1.4373643e+00
   1.3600803e+00
   1.6722095e+00
   1.4084284e+00
   5.3296504e-02
  -1.7518171e+00
  -2.8162845e+00
  -2.6427949e+00
  -1.8957100e+00
  -1.5720162e+00
  -1.8364532e+00
  -1.8614661e+00
  -8.5161722e-01
   9.3460350e-01
   2.3545082e+00
   2.5656153e+00
   1.8825678e+00
   1.3379432e+00
   1.4621230e+00
   1.6880900e+00
   1.0625921e+00
  -5.6155466e-01
  -2.2349912e+00
  -2.8737267e+00
  -2.3866634e+00
  -1.6902404e+00
  -1.6059644e+00
  -1.9139501e+00
  -1.6498454e+00
  -2.9793101e-01
   1.5017807e+00
   2.5605649e+00
   2.3829081e+00
   1.6343556e+00
   1.3122583e+00
   1.5810023e+00
   1.6122355e+00
   6.0956468e-01
  -1.1694412e+00
  -2.5828928e+00
  -2.7889541e+00
  -2.1027333e+00
  -1.5570402e+00
  -1.6821883e+00
  -1.9107573e+00
  -1.2888125e+00
   3.3163435e-01
   2.0019363e+00
   2.6385380e+00
   2.1504051e+00
   1.4536771e+00
   1.3692981e+00
   1.6767242e+00
   1.4110518e+00
   5.6298214e-02
  -1.7474018e+00
  -2.8108290e+00
  -2.6377081e+00
  -1.8927074e+00
  -1.5723564e+00
  -1.8404517e+00
  -1.8684534e+00
  -8.6030914e-01
   9.2550450e-01
   2.3457201e+00
   2.5569102e+00
   1.8727813e+00
   1.3253809e+00
   1.4452144e+00
   1.6660079e+00
   1.0355575e+00
  -5.9239393e-01
  -2.2679940e+00
  -2.9072615e+00
  -2.4194814e+00
  -1.7216730e+00
  -1.6360211e+00
  -1.9433814e+00
  -1.6801327e+00
  -3.3108119e-01
   1.4637162e+00
   2.5161699e+00
   2.3320236e+00
   1.5783047e+00
   1.2534446e+00
   1.5219373e+00
   1.5543835e+00
   5.5256963e-01
  -1.2277122e+00
  -2.6454436e+00
  -2.8582879e+00
  -2.1796571e+00
  -1.6401884e+00
  -1.7684361e+00
  -1.9962579e+00
  -1.3701338e+00
   2.5673685e-01
   1.9342791e+00
   2.5776635e+00
   2.0948876e+00
   1.4014497e+00
   1.3180313e+00
   1.6243112e+00
   1.3561319e+00
  -1.3870358e-03
  -1.8070244e+00
  -2.8709021e+00
  -2.6967533e+00
  -1.9498639e+00
  -1.6276735e+00
  -1.8947706e+00
  -1.9229754e+00
  -9.1606808e-01
   8.6805215e-01
   2.2868793e+00
   2.4977150e+00
   1.8148096e+00
   1.2704681e+00
   1.3951032e+00
   1.6219984e+00
   9.9826253e-01
  -6.2311241e-01
  -2.2929225e+00
  -2.9276584e+00
  -2.4368960e+00
  -1.7377414e+00
  -1.6521785e+00
  -1.9604947e+00
  -1.6981760e+00
  -3.4904103e-01
   1.4475767e+00
   2.5037017e+00
   2.3244155e+00
   1.5754375e+00
   1.2536748e+00
   1.5224713e+00
   1.5521537e+00
   5.4528124e-01
  -1.2407943e+00
  -2.6632911e+00
  -2.8785481e+00
  -2.1995171e+00
  -1.6573080e+00
  -1.7816411e+00
  -2.0058441e+00
  -1.3777843e+00
   2.4835708e-01
   1.9221797e+00
   2.5593420e+00
   2.0691196e+00
   1.3687955e+00
   1.2808290e+00
   1.5861046e+00
   1.3207252e+00
  -3.0903936e-02
  -1.8289612e+00
  -2.8852197e+00
  -2.7049179e+00
  -1.9544239e+00
  -1.6316586e+00
  -1.9009826e+00
  -1.9332680e+00
  -9.3079882e-01
   8.5017171e-01
   2.2683660e+00
   2.4813552e+00
   1.8024492e+00
   1.2620399e+00
   1.3883694e+00
   1.6132055e+00
   9.8347298e-01
  -6.4657745e-01
  -2.3255418e+00
  -2.9676254e+00
  -2.4808497e+00
  -1.7819448e+00
  -1.6936451e+00
  -1.9976668e+00
  -1.7310162e+00
  -3.7865959e-01
   1.4195067e+00
   2.4755268e+00
   2.2949861e+00
   1.5444702e+00
   1.2219526e+00
   1.4917774e+00
   1.5248387e+00
   5.2349321e-01
  -1.2559800e+00
  -2.6724696e+00
  -2.8839902e+00
  -2.2045099e+00
  -1.6650598e+00
  -1.7941701e+00
  -2.0232820e+00
  -1.3983632e+00
   2.2762718e-01
   1.9044129e+00
   2.5467105e+00
   2.0622592e+00
   1.3668964e+00
   1.2822849e+00
   1.5893331e+00
   1.3247354e+00
  -2.6414856e-02
  -1.8238992e+00
  -2.8794740e+00
  -2.6985353e+00
  -1.9474819e+00
  -1.6239927e+00
  -1.8920457e+00
  -1.9223171e+00
  -9.1736581e-01
   8.6578582e-01
   2.2849045e+00
   2.4969084e+00
   1.8151503e+00
   1.2708193e+00
   1.3933790e+00
   1.6156932e+00
   9.8517354e-01
  -6.4423345e-01
  -2.3220232e+00
  -2.9634321e+00
  -2.4771424e+00
  -1.7798800e+00
  -1.6937553e+00
  -1.9995810e+00
  -1.7336232e+00
  -3.8059229e-01
   1.4193179e+00
   2.4774663e+00
   2.2986459e+00
   1.5488017e+00
   1.2255817e+00
   1.4933991e+00
   1.5236352e+00
   5.1949958e-01
  -1.2617087e+00
  -2.6780491e+00
  -2.8872972e+00
  -2.2039886e+00
  -1.6603946e+00
  -1.7864979e+00
  -2.0148262e+00
  -1.3916373e+00
   2.3071935e-01
   1.9032309e+00
   2.5420413e+00
   2.0559391e+00
   1.3610457e+00
   1.2784681e+00
   1.5879920e+00
   1.3251269e+00
  -2.5772646e-02
  -1.8244945e+00
  -2.8821214e+00
  -2.7030386e+00
  -1.9527470e+00
  -1.6284857e+00
  -1.8943602e+00
  -1.9216188e+00
  -9.1359038e-01
   8.7199103e-01
   2.2924292e+00
