   3.0000000e+00
   9.7967535e-01
   6.4587940e-01
   1.7747176e+00
   2.1529461e+00
   2.4851952e-01
  -2.8757793e+00
  -4.6249735e+00
  -3.7125932e+00
  -1.5366553e+00
  -5.2493795e-01
  -1.3568139e+00
  -2.2507998e+00
  -1.1265119e+00
   1.8581469e+00
   4.3291640e+00
   4.2748437e+00
   2.2400950e+00
   6.3286658e-01
   9.4876462e-01
   2.1026215e+00
   1.7762029e+00
  -7.7995810e-01
  -3.7279324e+00
  -4.5989836e+00
  -3.0000000e+00
  -9.7967535e-01
  -6.4587940e-01
  -1.7747176e+00
  -2.1529461e+00
  -2.4851952e-01
   2.8757793e+00
   4.6249735e+00
   3.7125932e+00
   1.5366553e+00
   5.2493795e-01
   1.3568139e+00
   2.2507998e+00
   1.1265119e+00
  -1.8581469e+00
  -4.3291640e+00
  -4.2748437e+00
  -2.2400950e+00
  -6.3286658e-01
  -9.4876462e-01
  -2.1026215e+00
  -1.7762029e+00
   7.7995810e-01
   3.7279324e+00
   4.5989836e+00
   3.0000000e+00
   9.7967535e-01
   6.4587940e-01
   1.7747176e+00
   2.1529461e+00
   2.4851952e-01
  -2.8757793e+00
  -4.6249735e+00
  -3.7125932e+00
  -1.5366553e+00
  -5.2493795e-01
  -1.3568139e+00
  -2.2507998e+00
  -1.1265119e+00
   1.8581469e+00
   4.3291640e+00
   4.2748437e+00
   2.2400950e+00
   6.3286658e-01
   9.4876462e-01
   2.1026215e+00
   1.7762029e+00
  -7.7995810e-01
  -3.7279324e+00
  -4.5989836e+00
  -3.0000000e+00
  -9.7967535e-01
  -6.4587940e-01
  -1.7747176e+00
  -2.1529461e+00
  -2.4851952e-01
   2.8757793e+00
   4.6249735e+00
   3.7125932e+00
   1.5366553e+00
   5.2493795e-01
   1.3568139e+00
   2.2507998e+00
   1.1265119e+00
  -1.8581469e+00
  -4.3291640e+00
  -4.2748437e+00
  -2.2400950e+00
  -6.3286658e-01
  -9.4876462e-01
  -2.1026215e+00
  -1.7762029e+00
   7.7995810e-01
   3.7279324e+00
   4.5989836e+00
   3.0000000e+00
   9.7967535e-01
   6.4587940e-01
   1.7747176e+00
   2.1529461e+00
   2.4851952e-01
  -2.8757793e+00
  -4.6249735e+00
  -3.7125932e+00
  -1.5366553e+00
  -5.2493795e-01
  -1.3568139e+00
  -2.2507998e+00
  -1.1265119e+00
   1.8581469e+00
   4.3291640e+00
   4.2748437e+00
   2.2400950e+00
   6.3286658e-01
   9.4876462e-01
   2.1026215e+00
   1.7762029e+00
  -7.7995810e-01
  -3.7279324e+00
  -4.5989836e+00
  -3.0000000e+00
  -9.7967535e-01
  -6.4587940e-01
  -1.7747176e+00
  -2.1529461e+00
  -2.4851952e-01
   2.8757793e+00
   4.6249735e+00
   3.7125932e+00
   1.5366553e+00
   5.2493795e-01
   1.3568139e+00
   2.2507998e+00
   1.1265119e+00
  -1.8581469e+00
  -4.3291640e+00
  -4.2748437e+00
  -2.2400950e+00
  -6.3286658e-01
  -9.4876462e-01
  -2.1026215e+00
  -1.7762029e+00
   7.7995810e-01
   3.7279324e+00
   4.5989836e+00
   3.0000000e+00
   9.7967535e-01
   6.4587940e-01
   1.7747176e+00
   2.1529461e+00
   2.4851952e-01
  -2.8757793e+00
  -4.6249735e+00
  -3.7125932e+00
  -1.5366553e+00
  -5.2493795e-01
  -1.3568139e+00
  -2.2507998e+00
  -1.1265119e+00
   1.8581469e+00
   4.3291640e+00
   4.2748437e+00
   2.2400950e+00
   6.3286658e-01
   9.4876462e-01
   2.1026215e+00
   1.7762029e+00
  -7.7995810e-01
  -3.7279324e+00
  -4.5989836e+00
  -3.0000000e+00
  -9.7967535e-01
  -6.4587940e-01
  -1.7747176e+00
  -2.1529461e+00
  -2.4851952e-01
   2.8757793e+00
   4.6249735e+00
   3.7125932e+00
   1.5366553e+00
   5.2493795e-01
   1.3568139e+00
   2.2507998e+00
   1.1265119e+00
  -1.8581469e+00
  -4.3291640e+00
  -4.2748437e+00
  -2.2400950e+00
  -6.3286658e-01
  -9.4876462e-01
  -2.1026215e+00
  -1.7762029e+00
   7.7995810e-01
   3.7279324e+00
   4.5989836e+00
   3.0000000e+00
   9.7967535e-01
   6.4587940e-01
   1.7747176e+00
   2.1529461e+00
   2.4851952e-01
  -2.8757793e+00
  -4.6249735e+00
  -3.7125932e+00
  -1.5366553e+00
  -5.2493795e-01
  -1.3568139e+00
  -2.2507998e+00
  -1.1265119e+00
   1.8581469e+00
   4.3291640e+00
   4.2748437e+00
   2.2400950e+00
   6.3286658e-01
   9.4876462e-01
   2.1026215e+00
   1.7762029e+00
  -7.7995810e-01
  -3.7279324e+00
  -4.5989836e+00
  -3.0000000e+00
  -9.7967535e-01
  -6.4587940e-01
  -1.7747176e+00
  -2.1529461e+00
  -2.4851952e-01
   2.8757793e+00
   4.6249735e+00
   3.7125932e+00
   1.5366553e+00
   5.2493795e-01
   1.3568139e+00
   2.2507998e+00
   1.1265119e+00
  -1.8581469e+00
  -4.3291640e+00
  -4.2748437e+00
  -2.2400950e+00
  -6.3286658e-01
  -9.4876462e-01
  -2.1026215e+00
  -1.7762029e+00
   7.7995810e-01
   3.7279324e+00
   4.5989836e+00
   3.0000000e+00
   9.7967535e-01
   6.4587940e-01
   1.7747176e+00
   2.1529461e+00
   2.4851952e-01
  -2.8757793e+00
  -4.6249735e+00
  -3.7125932e+00
  -1.5366553e+00
  -5.2493795e-01
  -1.3568139e+00
  -2.2507998e+00
  -1.1265119e+00
   1.8581469e+00
   4.3291640e+00
   4.2748437e+00
   2.2400950e+00
   6.3286658e-01
   9.4876462e-01
   2.1026215e+00
   1.7762029e+00
  -7.7995810e-01
  -3.7279324e+00
  -4.5989836e+00
  -3.0000000e+00
  -9.7967535e-01
  -6.4587940e-01
  -1.7747176e+00
  -2.1529461e+00
  -2.4851952e-01
   2.8757793e+00
   4.6249735e+00
   3.7125932e+00
   1.5366553e+00
   5.2493795e-01
   1.3568139e+00
   2.2507998e+00
   1.1265119e+00
  -1.8581469e+00
  -4.3291640e+00
  -4.2748437e+00
  -2.2400950e+00
  -6.3286658e-01
  -9.4876462e-01
  -2.1026215e+00
  -1.7762029e+00
   7.7995810e-01
   3.7279324e+00
   4.5989836e+00
   3.0000000e+00
   9.7967535e-01
   6.4587940e-01
   1.7747176e+00
   2.1529461e+00
   2.4851952e-01
  -2.8757793e+00
  -4.6249735e+00
  -3.7125932e+00
  -1.5366553e+00
  -5.2493795e-01
  -1.3568139e+00
  -2.2507998e+00
  -1.1265119e+00
   1.8581469e+00
   4.3291640e+00
   4.2748437e+00
   2.2400950e+00
   6.3286658e-01
   9.4876462e-01
   2.1026215e+00
   1.7762029e+00
  -7.7995810e-01
  -3.7279324e+00
  -4.5989836e+00
  -3.0000000e+00
  -9.7967535e-01
  -6.4587940e-01
  -1.7747176e+00
  -2.1529461e+00
  -2.4851952e-01
   2.8757793e+00
   4.6249735e+00
   3.7125932e+00
   1.5366553e+00
   5.2493795e-01
   1.3568139e+00
   2.2507998e+00
   1.1265119e+00
  -1.8581469e+00
  -4.3291640e+00
  -4.2748437e+00
  -2.2400950e+00
  -6.3286658e-01
  -9.4876462e-01
  -2.1026215e+00
  -1.7762029e+00
   7.7995810e-01
   3.7279324e+00
   4.5989836e+00
   3.0000000e+00
   9.7967535e-01
   6.4587940e-01
   1.7747176e+00
   2.1529461e+00
   2.4851952e-01
  -2.8757793e+00
  -4.6249735e+00
  -3.7125932e+00
  -1.5366553e+00
  -5.2493795e-01
  -1.3568139e+00
  -2.2507998e+00
  -1.1265119e+00
   1.8581469e+00
   4.3291640e+00
   4.2748437e+00
   2.2400950e+00
   6.3286658e-01
   9.4876462e-01
   2.1026215e+00
   1.7762029e+00
  -7.7995810e-01
  -3.7279324e+00
  -4.5989836e+00
  -3.0000000e+00
  -9.7967535e-01
  -6.4587940e-01
  -1.7747176e+00
  -2.1529461e+00
  -2.4851952e-01
   2.8757793e+00
   4.6249735e+00
   3.7125932e+00
   1.5366553e+00
   5.2493795e-01
   1.3568139e+00
   2.2507998e+00
   1.1265119e+00
  -1.8581469e+00
  -4.3291640e+00
  -4.2748437e+00
  -2.2400950e+00
  -6.3286658e-01
  -9.4876462e-01
  -2.1026215e+00
  -1.7762029e+00
   7.7995810e-01
   3.7279324e+00
   4.5989836e+00
   3.0000000e+00
   9.7967535e-01
   6.4587940e-01
   1.7747176e+00
   2.1529461e+00
   2.4851952e-01
  -2.8757793e+00
  -4.6249735e+00
  -3.7125932e+00
  -1.5366553e+00
  -5.2493795e-01
  -1.3568139e+00
  -2.2507998e+00
  -1.1265119e+00
   1.8581469e+00
   4.3291640e+00
   4.2748437e+00
   2.2400950e+00
   6.3286658e-01
   9.4876462e-01
   2.1026215e+00
   1.7762029e+00
  -7.7995810e-01
  -3.7279324e+00
  -4.5989836e+00
  -3.0000000e+00
  -9.7967535e-01
  -6.4587940e-01
  -1.7747176e+00
  -2.1529461e+00
  -2.4851952e-01
   2.8757793e+00
   4.6249735e+00
   3.7125932e+00
   1.5366553e+00
   5.2493795e-01
   1.3568139e+00
   2.2507998e+00
   1.1265119e+00
  -1.8581469e+00
  -4.3291640e+00
  -4.2748437e+00
  -2.2400950e+00
  -6.3286658e-01
  -9.4876462e-01
  -2.1026215e+00
  -1.7762029e+00
   7.7995810e-01
   3.7279324e+00
   4.5989836e+00
   3.0000000e+00
   9.7967535e-01
   6.4587940e-01
   1.7747176e+00
   2.1529461e+00
   2.4851952e-01
  -2.8757793e+00
  -4.6249735e+00
  -3.7125932e+00
  -1.5366553e+00
  -5.2493795e-01
  -1.3568139e+00
  -2.2507998e+00
  -1.1265119e+00
   1.8581469e+00
   4.3291640e+00
   4.2748437e+00
   2.2400950e+00
   6.3286658e-01
   9.4876462e-01
   2.1026215e+00
   1.7762029e+00
  -7.7995810e-01
  -3.7279324e+00
  -4.5989836e+00
  -3.0000000e+00
  -9.7967535e-01
  -6.4587940e-01
  -1.7747176e+00
  -2.1529461e+00
  -2.4851952e-01
   2.8757793e+00
   4.6249735e+00
   3.7125932e+00
   1.5366553e+00
   5.2493795e-01
   1.3568139e+00
   2.2507998e+00
   1.1265119e+00
  -1.8581469e+00
  -4.3291640e+00
  -4.2748437e+00
  -2.2400950e+00
  -6.3286658e-01
  -9.4876462e-01
  -2.1026215e+00
  -1.7762029e+00
   7.7995810e-01
   3.7279324e+00
   4.5989836e+00
   3.0000000e+00
   9.7967535e-01
   6.4587940e-01
   1.7747176e+00
   2.1529461e+00
   2.4851952e-01
  -2.8757793e+00
  -4.6249735e+00
  -3.7125932e+00
  -1.5366553e+00
  -5.2493795e-01
  -1.3568139e+00
  -2.2507998e+00
  -1.1265119e+00
   1.8581469e+00
   4.3291640e+00
   4.2748437e+00
   2.2400950e+00
   6.3286658e-01
   9.4876462e-01
   2.1026215e+00
   1.7762029e+00
  -7.7995810e-01
  -3.7279324e+00
  -4.5989836e+00
  -3.0000000e+00
  -9.7967535e-01
  -6.4587940e-01
  -1.7747176e+00
  -2.1529461e+00
  -2.4851952e-01
   2.8757793e+00
   4.6249735e+00
   3.7125932e+00
   1.5366553e+00
   5.2493795e-01
   1.3568139e+00
   2.2507998e+00
   1.1265119e+00
  -1.8581469e+00
  -4.3291640e+00
  -4.2748437e+00
  -2.2400950e+00
  -6.3286658e-01
  -9.4876462e-01
  -2.1026215e+00
  -1.7762029e+00
   7.7995810e-01
   3.7279324e+00
   4.5989836e+00
   3.0000000e+00
   9.7967535e-01
   6.4587940e-01
   1.7747176e+00
   2.1529461e+00
   2.4851952e-01
  -2.8757793e+00
  -4.6249735e+00
  -3.7125932e+00
  -1.5366553e+00
  -5.2493795e-01
  -1.3568139e+00
  -2.2507998e+00
  -1.1265119e+00
   1.8581469e+00
   4.3291640e+00
   4.2748437e+00
   2.2400950e+00
   6.3286658e-01
   9.4876462e-01
   2.1026215e+00
   1.7762029e+00
  -7.7995810e-01
  -3.7279324e+00
  -4.5989836e+00
  -3.0000000e+00
  -9.7967535e-01
  -6.4587940e-01
  -1.7747176e+00
  -2.1529461e+00
  -2.4851952e-01
   2.8757793e+00
   4.6249735e+00
   3.7125932e+00
   1.5366553e+00
   5.2493795e-01
   1.3568139e+00
   2.2507998e+00
   1.1265119e+00
  -1.8581469e+00
  -4.3291640e+00
  -4.2748437e+00
  -2.2400950e+00
  -6.3286658e-01
  -9.4876462e-01
  -2.1026215e+00
  -1.7762029e+00
   7.7995810e-01
   3.7279324e+00
   4.5989836e+00
   3.0000000e+00
   9.7967535e-01
   6.4587940e-01
   1.7747176e+00
   2.1529461e+00
   2.4851952e-01
  -2.8757793e+00
  -4.6249735e+00
  -3.7125932e+00
  -1.5366553e+00
  -5.2493795e-01
  -1.3568139e+00
  -2.2507998e+00
  -1.1265119e+00
   1.8581469e+00
   4.3291640e+00
   4.2748437e+00
   2.2400950e+00
   6.3286658e-01
   9.4876462e-01
   2.1026215e+00
   1.7762029e+00
  -7.7995810e-01
  -3.7279324e+00
  -4.5989836e+00
  -3.0000000e+00
  -9.7967535e-01
  -6.4587940e-01
  -1.7747176e+00
  -2.1529461e+00
  -2.4851952e-01
   2.8757793e+00
   4.6249735e+00
   3.7125932e+00
   1.5366553e+00
   5.2493795e-01
   1.3568139e+00
   2.2507998e+00
   1.1265119e+00
  -1.8581469e+00
  -4.3291640e+00
  -4.2748437e+00
  -2.2400950e+00
  -6.3286658e-01
  -9.4876462e-01
  -2.1026215e+00
  -1.7762029e+00
   7.7995810e-01
   3.7279324e+00
   4.5989836e+00
   3.0000000e+00
   9.7967535e-01
   6.4587940e-01
   1.7747176e+00
   2.1529461e+00
   2.4851952e-01
  -2.8757793e+00
  -4.6249735e+00
  -3.7125932e+00
  -1.5366553e+00
  -5.2493795e-01
  -1.3568139e+00
  -2.2507998e+00
  -1.1265119e+00
   1.8581469e+00
   4.3291640e+00
   4.2748437e+00
   2.2400950e+00
   6.3286658e-01
   9.4876462e-01
   2.1026215e+00
   1.7762029e+00
  -7.7995810e-01
  -3.7279324e+00
  -4.5989836e+00
  -3.0000000e+00
  -9.7967535e-01
  -6.4587940e-01
  -1.7747176e+00
  -2.1529461e+00
  -2.4851952e-01
   2.8757793e+00
   4.6249735e+00
   3.7125932e+00
   1.5366553e+00
   5.2493795e-01
   1.3568139e+00
   2.2507998e+00
   1.1265119e+00
  -1.8581469e+00
  -4.3291640e+00
  -4.2748437e+00
  -2.2400950e+00
  -6.3286658e-01
  -9.4876462e-01
  -2.1026215e+00
  -1.7762029e+00
   7.7995810e-01
   3.7279324e+00
   4.5989836e+00
   3.0000000e+00
   9.7967535e-01
   6.4587940e-01
   1.7747176e+00
   2.1529461e+00
   2.4851952e-01
  -2.8757793e+00
  -4.6249735e+00
  -3.7125932e+00
  -1.5366553e+00
  -5.2493795e-01
  -1.3568139e+00
  -2.2507998e+00
  -1.1265119e+00
   1.8581469e+00
   4.3291640e+00
   4.2748437e+00
   2.2400950e+00
   6.3286658e-01
   9.4876462e-01
   2.1026215e+00
   1.7762029e+00
  -7.7995810e-01
  -3.7279324e+00
  -4.5989836e+00
  -3.0000000e+00
  -9.7967535e-01
  -6.4587940e-01
  -1.7747176e+00
  -2.1529461e+00
  -2.4851952e-01
   2.8757793e+00
   4.6249735e+00
   3.7125932e+00
   1.5366553e+00
   5.2493795e-01
   1.3568139e+00
   2.2507998e+00
   1.1265119e+00
  -1.8581469e+00
  -4.3291640e+00
  -4.2748437e+00
  -2.2400950e+00
  -6.3286658e-01
  -9.4876462e-01
  -2.1026215e+00
  -1.7762029e+00
   7.7995810e-01
   3.7279324e+00
   4.5989836e+00
   3.0000000e+00
   9.7967535e-01
   6.4587940e-01
   1.7747176e+00
   2.1529461e+00
   2.4851952e-01
  -2.8757793e+00
  -4.6249735e+00
  -3.7125932e+00
  -1.5366553e+00
  -5.2493795e-01
  -1.3568139e+00
  -2.2507998e+00
  -1.1265119e+00
   1.8581469e+00
   4.3291640e+00
   4.2748437e+00
   2.2400950e+00
   6.3286658e-01
   9.4876462e-01
   2.1026215e+00
   1.7762029e+00
  -7.7995810e-01
  -3.7279324e+00
  -4.5989836e+00
  -3.0000000e+00
  -9.7967535e-01
  -6.4587940e-01
  -1.7747176e+00
  -2.1529461e+00
  -2.4851952e-01
   2.8757793e+00
   4.6249735e+00
   3.7125932e+00
   1.5366553e+00
   5.2493795e-01
   1.3568139e+00
   2.2507998e+00
   1.1265119e+00
  -1.8581469e+00
  -4.3291640e+00
  -4.2748437e+00
  -2.2400950e+00
  -6.3286658e-01
  -9.4876462e-01
  -2.1026215e+00
  -1.7762029e+00
   7.7995810e-01
   3.7279324e+00
   4.5989836e+00
   3.0000000e+00
   9.7967535e-01
   6.4587940e-01
   1.7747176e+00
   2.1529461e+00
   2.4851952e-01
  -2.8757793e+00
  -4.6249735e+00
  -3.7125932e+00
  -1.5366553e+00
  -5.2493795e-01
  -1.3568139e+00
  -2.2507998e+00
  -1.1265119e+00
   1.8581469e+00
   4.3291640e+00
   4.2748437e+00
   2.2400950e+00
   6.3286658e-01
   9.4876462e-01
   2.1026215e+00
   1.7762029e+00
  -7.7995810e-01
  -3.7279324e+00
  -4.5989836e+00
  -3.0000000e+00
  -9.7967535e-01
  -6.4587940e-01
  -1.7747176e+00
  -2.1529461e+00
  -2.4851952e-01
   2.8757793e+00
   4.6249735e+00
   3.7125932e+00
   1.5366553e+00
   5.2493795e-01
   1.3568139e+00
   2.2507998e+00
   1.1265119e+00
  -1.8581469e+00
  -4.3291640e+00
  -4.2748437e+00
  -2.2400950e+00
  -6.3286658e-01
  -9.4876462e-01
  -2.1026215e+00
  -1.7762029e+00
   7.7995810e-01
   3.7279324e+00
   4.5989836e+00
   3.0000000e+00
   9.7967535e-01
   6.4587940e-01
   1.7747176e+00
   2.1529461e+00
   2.4851952e-01
  -2.8757793e+00
  -4.6249735e+00
  -3.7125932e+00
  -1.5366553e+00
  -5.2493795e-01
  -1.3568139e+00
  -2.2507998e+00
  -1.1265119e+00
   1.8581469e+00
   4.3291640e+00
   4.2748437e+00
   2.2400950e+00
   6.3286658e-01
   9.4876462e-01
   2.1026215e+00
   1.7762029e+00
  -7.7995810e-01
  -3.7279324e+00
  -4.5989836e+00
  -3.0000000e+00
  -9.7967535e-01
  -6.4587940e-01
  -1.7747176e+00
  -2.1529461e+00
  -2.4851952e-01
   2.8757793e+00
   4.6249735e+00
   3.7125932e+00
   1.5366553e+00
   5.2493795e-01
   1.3568139e+00
   2.2507998e+00
   1.1265119e+00
  -1.8581469e+00
  -4.3291640e+00
  -4.2748437e+00
  -2.2400950e+00
  -6.3286658e-01
  -9.4876462e-01
  -2.1026215e+00
  -1.7762029e+00
   7.7995810e-01
   3.7279324e+00
   4.5989836e+00
   3.0000000e+00
   9.7967535e-01
   6.4587940e-01
   1.7747176e+00
   2.1529461e+00
   2.4851952e-01
  -2.8757793e+00
  -4.6249735e+00
  -3.7125932e+00
  -1.5366553e+00
  -5.2493795e-01
  -1.3568139e+00
  -2.2507998e+00
  -1.1265119e+00
   1.8581469e+00
   4.3291640e+00
   4.2748437e+00
   2.2400950e+00
   6.3286658e-01
   9.4876462e-01
   2.1026215e+00
   1.7762029e+00
  -7.7995810e-01
  -3.7279324e+00
  -4.5989836e+00
  -3.0000000e+00
  -9.7967535e-01
  -6.4587940e-01
  -1.7747176e+00
  -2.1529461e+00
  -2.4851952e-01
   2.8757793e+00
   4.6249735e+00
   3.7125932e+00
   1.5366553e+00
   5.2493795e-01
   1.3568139e+00
   2.2507998e+00
   1.1265119e+00
  -1.8581469e+00
  -4.3291640e+00
  -4.2748437e+00
  -2.2400950e+00
  -6.3286658e-01
  -9.4876462e-01
  -2.1026215e+00
  -1.7762029e+00
   7.7995810e-01
   3.7279324e+00
   4.5989836e+00
   3.0000000e+00
   9.7967535e-01
   6.4587940e-01
   1.7747176e+00
   2.1529461e+00
   2.4851952e-01
  -2.8757793e+00
  -4.6249735e+00
  -3.7125932e+00
  -1.5366553e+00
  -5.2493795e-01
  -1.3568139e+00
  -2.2507998e+00
  -1.1265119e+00
   1.8581469e+00
   4.3291640e+00
   4.2748437e+00
   2.2400950e+00
   6.3286658e-01
   9.4876462e-01
   2.1026215e+00
   1.7762029e+00
  -7.7995810e-01
  -3.7279324e+00
  -4.5989836e+00
  -3.0000000e+00
  -9.7967535e-01
  -6.4587940e-01
  -1.7747176e+00
  -2.1529461e+00
  -2.4851952e-01
   2.8757793e+00
   4.6249735e+00
   3.7125932e+00
   1.5366553e+00
   5.2493795e-01
   1.3568139e+00
   2.2507998e+00
   1.1265119e+00
  -1.8581469e+00
  -4.3291640e+00
  -4.2748437e+00
  -2.2400950e+00
  -6.3286658e-01
  -9.4876462e-01
  -2.1026215e+00
  -1.7762029e+00
   7.7995810e-01
   3.7279324e+00
   4.5989836e+00
   3.0000000e+00
   9.7967535e-01
   6.4587940e-01
   1.7747176e+00
   2.1529461e+00
   2.4851952e-01
  -2.8757793e+00
  -4.6249735e+00
  -3.7125932e+00
  -1.5366553e+00
  -5.2493795e-01
  -1.3568139e+00
  -2.2507998e+00
  -1.1265119e+00
   1.8581469e+00
   4.3291640e+00
   4.2748437e+00
   2.2400950e+00
   6.3286658e-01
   9.4876462e-01
   2.1026215e+00
   1.7762029e+00
  -7.7995810e-01
  -3.7279324e+00
  -4.5989836e+00
  -3.0000000e+00
  -9.7967535e-01
  -6.4587940e-01
  -1.7747176e+00
  -2.1529461e+00
  -2.4851952e-01
   2.8757793e+00
   4.6249735e+00
   3.7125932e+00
   1.5366553e+00
   5.2493795e-01
   1.3568139e+00
   2.2507998e+00
   1.1265119e+00
  -1.8581469e+00
  -4.3291640e+00
  -4.2748437e+00
  -2.2400950e+00
  -6.3286658e-01
  -9.4876462e-01
  -2.1026215e+00
  -1.7762029e+00
   7.7995810e-01
   3.7279324e+00
   4.5989836e+00
   3.0000000e+00
   9.7967535e-01
   6.4587940e-01
   1.7747176e+00
   2.1529461e+00
   2.4851952e-01
  -2.8757793e+00
  -4.6249735e+00
  -3.7125932e+00
  -1.5366553e+00
  -5.2493795e-01
  -1.3568139e+00
  -2.2507998e+00
  -1.1265119e+00
   1.8581469e+00
   4.3291640e+00
   4.2748437e+00
   2.2400950e+00
   6.3286658e-01
   9.4876462e-01
   2.1026215e+00
   1.7762029e+00
  -7.7995810e-01
  -3.7279324e+00
  -4.5989836e+00
  -3.0000000e+00
  -9.7967535e-01
  -6.4587940e-01
  -1.7747176e+00
  -2.1529461e+00
  -2.4851952e-01
   2.8757793e+00
   4.6249735e+00
   3.7125932e+00
   1.5366553e+00
   5.2493795e-01
   1.3568139e+00
   2.2507998e+00
   1.1265119e+00
  -1.8581469e+00
  -4.3291640e+00
  -4.2748437e+00
  -2.2400950e+00
  -6.3286658e-01
  -9.4876462e-01
  -2.1026215e+00
  -1.7762029e+00
   7.7995810e-01
   3.7279324e+00
   4.5989836e+00
   3.0000000e+00
   9.7967535e-01
   6.4587940e-01
   1.7747176e+00
   2.1529461e+00
   2.4851952e-01
  -2.8757793e+00
  -4.6249735e+00
  -3.7125932e+00
  -1.5366553e+00
  -5.2493795e-01
  -1.3568139e+00
  -2.2507998e+00
  -1.1265119e+00
   1.8581469e+00
   4.3291640e+00
   4.2748437e+00
   2.2400950e+00
   6.3286658e-01
   9.4876462e-01
   2.1026215e+00
   1.7762029e+00
  -7.7995810e-01
  -3.7279324e+00
  -4.5989836e+00
  -3.0000000e+00
  -9.7967535e-01
  -6.4587940e-01
  -1.7747176e+00
  -2.1529461e+00
  -2.4851952e-01
   2.8757793e+00
   4.6249735e+00
   3.7125932e+00
   1.5366553e+00
   5.2493795e-01
   1.3568139e+00
   2.2507998e+00
   1.1265119e+00
  -1.8581469e+00
  -4.3291640e+00
  -4.2748437e+00
  -2.2400950e+00
  -6.3286658e-01
  -9.4876462e-01
  -2.1026215e+00
  -1.7762029e+00
   7.7995810e-01
   3.7279324e+00
   4.5989836e+00
   3.0000000e+00
   9.7967535e-01
   6.4587940e-01
   1.7747176e+00
   2.1529461e+00
   2.4851952e-01
  -2.8757793e+00
  -4.6249735e+00
  -3.7125932e+00
  -1.5366553e+00
  -5.2493795e-01
  -1.3568139e+00
  -2.2507998e+00
  -1.1265119e+00
   1.8581469e+00
   4.3291640e+00
   4.2748437e+00
   2.2400950e+00
   6.3286658e-01
   9.4876462e-01
   2.1026215e+00
   1.7762029e+00
  -7.7995810e-01
  -3.7279324e+00
  -4.5989836e+00
  -3.0000000e+00
  -9.7967535e-01
  -6.4587940e-01
  -1.7747176e+00
  -2.1529461e+00
  -2.4851952e-01
   2.8757793e+00
   4.6249735e+00
   3.7125932e+00
   1.5366553e+00
   5.2493795e-01
   1.3568139e+00
   2.2507998e+00
   1.1265119e+00
  -1.8581469e+00
  -4.3291640e+00
  -4.2748437e+00
  -2.2400950e+00
  -6.3286658e-01
  -9.4876462e-01
  -2.1026215e+00
  -1.7762029e+00
   7.7995810e-01
   3.7279324e+00
   4.5989836e+00
   3.0000000e+00
   9.7967535e-01
   6.4587940e-01
   1.7747176e+00
   2.1529461e+00
   2.4851952e-01
  -2.8757793e+00
  -4.6249735e+00
  -3.7125932e+00
  -1.5366553e+00
  -5.2493795e-01
  -1.3568139e+00
  -2.2507998e+00
  -1.1265119e+00
   1.8581469e+00
   4.3291640e+00
   4.2748437e+00
   2.2400950e+00
   6.3286658e-01
   9.4876462e-01
   2.1026215e+00
   1.7762029e+00
  -7.7995810e-01
  -3.7279324e+00
  -4.5989836e+00
  -3.0000000e+00
  -9.7967535e-01
  -6.4587940e-01
  -1.7747176e+00
  -2.1529461e+00
  -2.4851952e-01
   2.8757793e+00
   4.6249735e+00
   3.7125932e+00
   1.5366553e+00
   5.2493795e-01
   1.3568139e+00
   2.2507998e+00
   1.1265119e+00
  -1.8581469e+00
  -4.3291640e+00
  -4.2748437e+00
  -2.2400950e+00
  -6.3286658e-01
  -9.4876462e-01
  -2.1026215e+00
  -1.7762029e+00
   7.7995810e-01
   3.7279324e+00
   4.5989836e+00
   3.0000000e+00
   9.7967535e-01
   6.4587940e-01
   1.7747176e+00
   2.1529461e+00
   2.4851952e-01
  -2.8757793e+00
  -4.6249735e+00
  -3.7125932e+00
  -1.5366553e+00
  -5.2493795e-01
  -1.3568139e+00
  -2.2507998e+00
  -1.1265119e+00
   1.8581469e+00
   4.3291640e+00
   4.2748437e+00
   2.2400950e+00
   6.3286658e-01
   9.4876462e-01
   2.1026215e+00
   1.7762029e+00
  -7.7995810e-01
  -3.7279324e+00
  -4.5989836e+00
  -3.0000000e+00
  -9.7967535e-01
  -6.4587940e-01
  -1.7747176e+00
  -2.1529461e+00
  -2.4851952e-01
   2.8757793e+00
   4.6249735e+00
   3.7125932e+00
   1.5366553e+00
   5.2493795e-01
   1.3568139e+00
   2.2507998e+00
   1.1265119e+00
  -1.8581469e+00
  -4.3291640e+00
  -4.2748437e+00
  -2.2400950e+00
  -6.3286658e-01
  -9.4876462e-01
  -2.1026215e+00
  -1.7762029e+00
   7.7995810e-01
   3.7279324e+00
   4.5989836e+00
   3.0000000e+00
   9.7967535e-01
   6.4587940e-01
   1.7747176e+00
   2.1529461e+00
   2.4851952e-01
  -2.8757793e+00
  -4.6249735e+00
  -3.7125932e+00
  -1.5366553e+00
  -5.2493795e-01
  -1.3568139e+00
  -2.2507998e+00
  -1.1265119e+00
   1.8581469e+00
   4.3291640e+00
   4.2748437e+00
   2.2400950e+00
   6.3286658e-01
   9.4876462e-01
   2.1026215e+00
   1.7762029e+00
  -7.7995810e-01
  -3.7279324e+00
  -4.5989836e+00
  -3.0000000e+00
  -9.7967535e-01
  -6.4587940e-01
  -1.7747176e+00
  -2.1529461e+00
  -2.4851952e-01
   2.8757793e+00
   4.6249735e+00
   3.7125932e+00
   1.5366553e+00
   5.2493795e-01
   1.3568139e+00
   2.2507998e+00
   1.1265119e+00
  -1.8581469e+00
  -4.3291640e+00
  -4.2748437e+00
  -2.2400950e+00
  -6.3286658e-01
  -9.4876462e-01
  -2.1026215e+00
  -1.7762029e+00
   7.7995810e-01
   3.7279324e+00
   4.5989836e+00
   3.0000000e+00
   9.7967535e-01
   6.4587940e-01
   1.7747176e+00
   2.1529461e+00
   2.4851952e-01
  -2.8757793e+00
  -4.6249735e+00
  -3.7125932e+00
  -1.5366553e+00
  -5.2493795e-01
  -1.3568139e+00
  -2.2507998e+00
  -1.1265119e+00
   1.8581469e+00
   4.3291640e+00
   4.2748437e+00
   2.2400950e+00
   6.3286658e-01
   9.4876462e-01
   2.1026215e+00
   1.7762029e+00
  -7.7995810e-01
  -3.7279324e+00
  -4.5989836e+00
  -3.0000000e+00
  -9.7967535e-01
  -6.4587940e-01
  -1.7747176e+00
  -2.1529461e+00
  -2.4851952e-01
   2.8757793e+00
   4.6249735e+00
   3.7125932e+00
   1.5366553e+00
   5.2493795e-01
   1.3568139e+00
   2.2507998e+00
   1.1265119e+00
  -1.8581469e+00
  -4.3291640e+00
  -4.2748437e+00
  -2.2400950e+00
  -6.3286658e-01
  -9.4876462e-01
  -2.1026215e+00
  -1.7762029e+00
   7.7995810e-01
   3.7279324e+00
   4.5989836e+00
   3.0000000e+00
   9.7967535e-01
   6.4587940e-01
   1.7747176e+00
   2.1529461e+00
   2.4851952e-01
  -2.8757793e+00
  -4.6249735e+00
  -3.7125932e+00
  -1.5366553e+00
  -5.2493795e-01
  -1.3568139e+00
  -2.2507998e+00
  -1.1265119e+00
   1.8581469e+00
   4.3291640e+00
   4.2748437e+00
   2.2400950e+00
   6.3286658e-01
   9.4876462e-01
   2.1026215e+00
   1.7762029e+00
  -7.7995810e-01
  -3.7279324e+00
  -4.5989836e+00
  -3.0000000e+00
  -9.7967535e-01
  -6.4587940e-01
  -1.7747176e+00
  -2.1529461e+00
  -2.4851952e-01
   2.8757793e+00
   4.6249735e+00
   3.7125932e+00
   1.5366553e+00
   5.2493795e-01
   1.3568139e+00
   2.2507998e+00
   1.1265119e+00
  -1.8581469e+00
  -4.3291640e+00
  -4.2748437e+00
  -2.2400950e+00
  -6.3286658e-01
  -9.4876462e-01
  -2.1026215e+00
  -1.7762029e+00
   7.7995810e-01
   3.7279324e+00
   4.5989836e+00
   3.0000000e+00
   9.7967535e-01
   6.4587940e-01
   1.7747176e+00
   2.1529461e+00
   2.4851952e-01
  -2.8757793e+00
  -4.6249735e+00
  -3.7125932e+00
  -1.5366553e+00
  -5.2493795e-01
  -1.3568139e+00
  -2.2507998e+00
  -1.1265119e+00
   1.8581469e+00
   4.3291640e+00
   4.2748437e+00
   2.2400950e+00
   6.3286658e-01
   9.4876462e-01
   2.1026215e+00
   1.7762029e+00
  -7.7995810e-01
  -3.7279324e+00
  -4.5989836e+00
  -3.0000000e+00
  -9.7967535e-01
  -6.4587940e-01
  -1.7747176e+00
  -2.1529461e+00
  -2.4851952e-01
   2.8757793e+00
   4.6249735e+00
   3.7125932e+00
   1.5366553e+00
   5.2493795e-01
   1.3568139e+00
   2.2507998e+00
   1.1265119e+00
  -1.8581469e+00
  -4.3291640e+00
  -4.2748437e+00
  -2.2400950e+00
  -6.3286658e-01
  -9.4876462e-01
  -2.1026215e+00
  -1.7762029e+00
   7.7995810e-01
   3.7279324e+00
   4.5989836e+00
   3.0000000e+00
   9.7967535e-01
   6.4587940e-01
   1.7747176e+00
   2.1529461e+00
   2.4851952e-01
  -2.8757793e+00
  -4.6249735e+00
  -3.7125932e+00
  -1.5366553e+00
  -5.2493795e-01
  -1.3568139e+00
  -2.2507998e+00
  -1.1265119e+00
   1.8581469e+00
   4.3291640e+00
   4.2748437e+00
   2.2400950e+00
   6.3286658e-01
   9.4876462e-01
   2.1026215e+00
   1.7762029e+00
  -7.7995810e-01
  -3.7279324e+00
  -4.5989836e+00
  -3.0000000e+00
  -9.7967535e-01
  -6.4587940e-01
  -1.7747176e+00
  -2.1529461e+00
  -2.4851952e-01
   2.8757793e+00
   4.6249735e+00
   3.7125932e+00
   1.5366553e+00
   5.2493795e-01
   1.3568139e+00
   2.2507998e+00
   1.1265119e+00
  -1.8581469e+00
  -4.3291640e+00
  -4.2748437e+00
  -2.2400950e+00
  -6.3286658e-01
  -9.4876462e-01
  -2.1026215e+00
  -1.7762029e+00
   7.7995810e-01
   3.7279324e+00
   4.5989836e+00
   3.0000000e+00
   9.7967535e-01
   6.4587940e-01
   1.7747176e+00
   2.1529461e+00
   2.4851952e-01
  -2.8757793e+00
  -4.6249735e+00
  -3.7125932e+00
  -1.5366553e+00
  -5.2493795e-01
  -1.3568139e+00
  -2.2507998e+00
  -1.1265119e+00
   1.8581469e+00
   4.3291640e+00
   4.2748437e+00
   2.2400950e+00
   6.3286658e-01
   9.4876462e-01
   2.1026215e+00
   1.7762029e+00
  -7.7995810e-01
  -3.7279324e+00
  -4.5989836e+00
  -3.0000000e+00
  -9.7967535e-01
  -6.4587940e-01
  -1.7747176e+00
  -2.1529461e+00
  -2.4851952e-01
   2.8757793e+00
   4.6249735e+00
   3.7125932e+00
   1.5366553e+00
   5.2493795e-01
   1.3568139e+00
   2.2507998e+00
   1.1265119e+00
  -1.8581469e+00
  -4.3291640e+00
  -4.2748437e+00
  -2.2400950e+00
  -6.3286658e-01
  -9.4876462e-01
  -2.1026215e+00
  -1.7762029e+00
   7.7995810e-01
   3.7279324e+00
   4.5989836e+00
   3.0000000e+00
   9.7967535e-01
   6.4587940e-01
   1.7747176e+00
   2.1529461e+00
   2.4851952e-01
  -2.8757793e+00
  -4.6249735e+00
  -3.7125932e+00
  -1.5366553e+00
  -5.2493795e-01
  -1.3568139e+00
  -2.2507998e+00
  -1.1265119e+00
   1.8581469e+00
   4.3291640e+00
   4.2748437e+00
   2.2400950e+00
   6.3286658e-01
   9.4876462e-01
   2.1026215e+00
   1.7762029e+00
  -7.7995810e-01
  -3.7279324e+00
  -4.5989836e+00
  -3.0000000e+00
  -9.7967535e-01
  -6.4587940e-01
  -1.7747176e+00
  -2.1529461e+00
  -2.4851952e-01
   2.8757793e+00
   4.6249735e+00
   3.7125932e+00
   1.5366553e+00
   5.2493795e-01
   1.3568139e+00
   2.2507998e+00
   1.1265119e+00
  -1.8581469e+00
  -4.3291640e+00
  -4.2748437e+00
  -2.2400950e+00
  -6.3286658e-01
  -9.4876462e-01
  -2.1026215e+00
  -1.7762029e+00
   7.7995810e-01
   3.7279324e+00
   4.5989836e+00
   3.0000000e+00
   9.7967535e-01
   6.4587940e-01
   1.7747176e+00
   2.1529461e+00
   2.4851952e-01
  -2.8757793e+00
  -4.6249735e+00
  -3.7125932e+00
  -1.5366553e+00
  -5.2493795e-01
  -1.3568139e+00
  -2.2507998e+00
  -1.1265119e+00
   1.8581469e+00
   4.3291640e+00
   4.2748437e+00
   2.2400950e+00
   6.3286658e-01
   9.4876462e-01
   2.1026215e+00
   1.7762029e+00
  -7.7995810e-01
  -3.7279324e+00
  -4.5989836e+00
  -3.0000000e+00
  -9.7967535e-01
  -6.4587940e-01
  -1.7747176e+00
  -2.1529461e+00
  -2.4851952e-01
   2.8757793e+00
   4.6249735e+00
   3.7125932e+00
   1.5366553e+00
   5.2493795e-01
   1.3568139e+00
   2.2507998e+00
   1.1265119e+00
  -1.8581469e+00
  -4.3291640e+00
  -4.2748437e+00
  -2.2400950e+00
  -6.3286658e-01
  -9.4876462e-01
  -2.1026215e+00
  -1.7762029e+00
   7.7995810e-01
   3.7279324e+00
   4.5989836e+00
   3.0000000e+00
   9.7967535e-01
   6.4587940e-01
   1.7747176e+00
   2.1529461e+00
   2.4851952e-01
  -2.8757793e+00
  -4.6249735e+00
  -3.7125932e+00
  -1.5366553e+00
  -5.2493795e-01
  -1.3568139e+00
  -2.2507998e+00
  -1.1265119e+00
   1.8581469e+00
   4.3291640e+00
   4.2748437e+00
   2.2400950e+00
   6.3286658e-01
   9.4876462e-01
   2.1026215e+00
   1.7762029e+00
  -7.7995810e-01
  -3.7279324e+00
  -4.5989836e+00
  -3.0000000e+00
  -9.7967535e-01
  -6.4587940e-01
  -1.7747176e+00
  -2.1529461e+00
  -2.4851952e-01
   2.8757793e+00
   4.6249735e+00
   3.7125932e+00
   1.5366553e+00
   5.2493795e-01
   1.3568139e+00
   2.2507998e+00
   1.1265119e+00
  -1.8581469e+00
  -4.3291640e+00
  -4.2748437e+00
  -2.2400950e+00
  -6.3286658e-01
  -9.4876462e-01
  -2.1026215e+00
  -1.7762029e+00
   7.7995810e-01
   3.7279324e+00
   4.5989836e+00
   3.0000000e+00
   9.7967535e-01
   6.4587940e-01
   1.7747176e+00
   2.1529461e+00
   2.4851952e-01
  -2.8757793e+00
  -4.6249735e+00
  -3.7125932e+00
  -1.5366553e+00
  -5.2493795e-01
  -1.3568139e+00
  -2.2507998e+00
  -1.1265119e+00
   1.8581469e+00
   4.3291640e+00
   4.2748437e+00
   2.2400950e+00
   6.3286658e-01
   9.4876462e-01
   2.1026215e+00
   1.7762029e+00
  -7.7995810e-01
  -3.7279324e+00
  -4.5989836e+00
  -3.0000000e+00
  -9.7967535e-01
  -6.4587940e-01
  -1.7747176e+00
  -2.1529461e+00
  -2.4851952e-01
   2.8757793e+00
   4.6249735e+00
   3.7125932e+00
   1.5366553e+00
   5.2493795e-01
   1.3568139e+00
   2.2507998e+00
   1.1265119e+00
  -1.8581469e+00
  -4.3291640e+00
  -4.2748437e+00
  -2.2400950e+00
  -6.3286658e-01
  -9.4876462e-01
  -2.1026215e+00
  -1.7762029e+00
   7.7995810e-01
   3.7279324e+00
   4.5989836e+00
   3.0000000e+00
   9.7967535e-01
   6.4587940e-01
   1.7747176e+00
   2.1529461e+00
   2.4851952e-01
  -2.8757793e+00
  -4.6249735e+00
  -3.7125932e+00
  -1.5366553e+00
  -5.2493795e-01
  -1.3568139e+00
  -2.2507998e+00
  -1.1265119e+00
   1.8581469e+00
   4.3291640e+00
   4.2748437e+00
   2.2400950e+00
   6.3286658e-01
   9.4876462e-01
   2.1026215e+00
   1.7762029e+00
  -7.7995810e-01
  -3.7279324e+00
  -4.5989836e+00
  -3.0000000e+00
  -9.7967535e-01
  -6.4587940e-01
  -1.7747176e+00
  -2.1529461e+00
  -2.4851952e-01
   2.8757793e+00
   4.6249735e+00
   3.7125932e+00
   1.5366553e+00
   5.2493795e-01
   1.3568139e+00
   2.2507998e+00
   1.1265119e+00
  -1.8581469e+00
  -4.3291640e+00
  -4.2748437e+00
  -2.2400950e+00
  -6.3286658e-01
  -9.4876462e-01
  -2.1026215e+00
  -1.7762029e+00
   7.7995810e-01
   3.7279324e+00
   4.5989836e+00
   3.0000000e+00
   9.7967535e-01
   6.4587940e-01
   1.7747176e+00
   2.1529461e+00
   2.4851952e-01
  -2.8757793e+00
  -4.6249735e+00
  -3.7125932e+00
  -1.5366553e+00
  -5.2493795e-01
  -1.3568139e+00
  -2.2507998e+00
  -1.1265119e+00
   1.8581469e+00
   4.3291640e+00
   4.2748437e+00
   2.2400950e+00
   6.3286658e-01
   9.4876462e-01
   2.1026215e+00
   1.7762029e+00
  -7.7995810e-01
  -3.7279324e+00
  -4.5989836e+00
  -3.0000000e+00
  -9.7967535e-01
  -6.4587940e-01
  -1.7747176e+00
  -2.1529461e+00
  -2.4851952e-01
   2.8757793e+00
   4.6249735e+00
   3.7125932e+00
   1.5366553e+00
   5.2493795e-01
   1.3568139e+00
   2.2507998e+00
   1.1265119e+00
  -1.8581469e+00
  -4.3291640e+00
  -4.2748437e+00
  -2.2400950e+00
  -6.3286658e-01
  -9.4876462e-01
  -2.1026215e+00
  -1.7762029e+00
   7.7995810e-01
   3.7279324e+00
   4.5989836e+00
   3.0000000e+00
   9.7967535e-01
   6.4587940e-01
   1.7747176e+00
   2.1529461e+00
   2.4851952e-01
  -2.8757793e+00
  -4.6249735e+00
  -3.7125932e+00
  -1.5366553e+00
  -5.2493795e-01
  -1.3568139e+00
  -2.2507998e+00
  -1.1265119e+00
   1.8581469e+00
   4.3291640e+00
   4.2748437e+00
   2.2400950e+00
   6.3286658e-01
   9.4876462e-01
   2.1026215e+00
   1.7762029e+00
  -7.7995810e-01
  -3.7279324e+00
  -4.5989836e+00
  -3.0000000e+00
  -9.7967535e-01
  -6.4587940e-01
  -1.7747176e+00
  -2.1529461e+00
  -2.4851952e-01
   2.8757793e+00
   4.6249735e+00
   3.7125932e+00
   1.5366553e+00
   5.2493795e-01
   1.3568139e+00
   2.2507998e+00
   1.1265119e+00
  -1.8581469e+00
  -4.3291640e+00
  -4.2748437e+00
  -2.2400950e+00
  -6.3286658e-01
  -9.4876462e-01
  -2.1026215e+00
  -1.7762029e+00
   7.7995810e-01
   3.7279324e+00
   4.5989836e+00
   3.0000000e+00
   9.7967535e-01
   6.4587940e-01
   1.7747176e+00
   2.1529461e+00
   2.4851952e-01
  -2.8757793e+00
  -4.6249735e+00
  -3.7125932e+00
  -1.5366553e+00
  -5.2493795e-01
  -1.3568139e+00
  -2.2507998e+00
  -1.1265119e+00
   1.8581469e+00
   4.3291640e+00
   4.2748437e+00
   2.2400950e+00
   6.3286658e-01
   9.4876462e-01
   2.1026215e+00
   1.7762029e+00
  -7.7995810e-01
  -3.7279324e+00
  -4.5989836e+00
  -3.0000000e+00
  -9.7967535e-01
  -6.4587940e-01
  -1.7747176e+00
  -2.1529461e+00
  -2.4851952e-01
   2.8757793e+00
   4.6249735e+00
   3.7125932e+00
   1.5366553e+00
   5.2493795e-01
   1.3568139e+00
   2.2507998e+00
   1.1265119e+00
  -1.8581469e+00
  -4.3291640e+00
  -4.2748437e+00
  -2.2400950e+00
  -6.3286658e-01
  -9.4876462e-01
  -2.1026215e+00
  -1.7762029e+00
   7.7995810e-01
   3.7279324e+00
   4.5989836e+00
